0 11752.69054607
1 21610.70314909
2 21610.70314909
3 15436.61962451
4 15436.21653506
5 16671.11385787
6 16671.51694732
7 16671.51694732
8 20812.92354249
9 28558.28732613
10 25848.46691412
11 26262.03668993
12 25971.00610695
13 25789.61585441
14 27314.50324413
15 30247.7851725
16 29137.52686593
17 26589.66403671
18 21611.50932799
19 21611.50932799
20 26533.46585085
21 27179.2151499
22 24917.58341284
23 23474.12009204
24 22065.97868184
25 21748.74728461
26 24844.13675678
27 24595.83365552
28 25550.5838105
29 24133.55564111
30 22232.18270499
31 22232.18270499
32 26968.48374365
33 27799.65418976
34 35943.25155881
35 31726.12973187
36 32074.16467961
37 34066.23274199
38 34889.6601124
39 35530.9754275
40 33843.40865224
41 25058.96464239
42 25058.96464239
43 23268.0382156
44 30679.30642997
45 32354.94927403
46 28422.83047961
47 27759.7483342
48 22584.11737751
49 22593.38843487
50 40299.31728729
51 43779.99468889
52 43246.32304825
53 24697.9464561
54 24697.9464561
55 26602.14101837
56 33223.2695344
57 34108.05087736
58 37717.61373555
59 36998.09906713
60 33405.14725254
61 34016.63394834
62 39614.38393542
63 36736.24306073
64 34712.33093178
65 30996.03374546
66 29682.76831704
67 17497.66495159
68 17497.66495159
69 21754.69263408
70 32312.52388948
71 31432.57961992
72 28416.68314557
73 27647.99156423
74 21772.53173733
75 24349.48259181
76 33790.67169429
77 34312.26944272
78 20211.23512738
79 15321.35700824
80 12558.88183927
81 12558.88183927
82 12367.00578096
83 15354.30169564
84 32896.42627031
85 31369.52343334
86 31752.62716323
87 31447.48844951
88 29324.58506813
89 28658.27820712
90 27506.43610233
91 27528.20293263
92 27432.26490348
93 19683.14214507
94 14740.86239741
95 20297.90035003
96 59350.01245449
97 79333.19073443
98 79768.93042998
99 84762.38374651
100 85373.06426341
101 84989.31214679
102 81583.9280962
103 85696.24666611
104 80855.73300347
105 73217.1879241
106 37544.91527386
107 13739.66161938
108 16826.90492639
109 74254.6557925
110 77916.33914849
111 29996.66223131
112 30284.47631878
113 34079.94778962
114 29984.55897661
115 24666.76861376
116 25770.02443868
117 22640.18481967
118 25226.4067315
119 26000.33847569
120 26000.33847569
121 26000.33847569
122 18003.84996463
123 18003.84996463
124 25073.53266247
125 30106.5075364
126 25582.90655768
127 21799.91206851
128 22963.80006324
129 25213.44228424
130 24158.12396352
131 29412.92920472
132 28227.84622143
133 28704.29795144
134 27107.25755015
135 23241.4797627
136 17293.8949265
137 17293.8949265
138 17385.81811241
139 16810.18993747
140 21349.38023503
141 26921.18253631
142 25419.67433469
143 21652.58787766
144 22365.25002543
145 16767.44366447
146 19195.25142241
147 19866.81762651
148 17071.41108137
149 16833.18521636
150 25008.69223682
151 19859.62760126
152 19859.62760126
153 30576.86673304
154 30799.77519895
155 29289.16469228
156 29385.10272143
157 31344.52053836
158 32765.56081096
159 31628.44547224
160 26243.61109095
161 22888.69759778
162 15882.3187349
163 15720.67986541
164 15528.8038071
165 25557.59416038
166 23468.78462997
167 23468.78462997
168 34422.14980336
169 33448.68878137
170 19163.29262634
171 19680.45639082
172 32089.89303638
173 34397.98322765
174 39315.01830096
175 35362.32315329
176 34899.96076273
177 34141.7495071
178 26833.1191415
179 26833.1191415
180 26323.61407657
181 28690.89283215
182 29063.75057349
183 25380.35676107
184 25268.7009834
185 23728.91807531
186 21448.6410561
187 34115.48310799
188 33665.63528168
189 17061.43427252
190 17974.02878755
191 18528.38915985
192 18528.38915985
193 20489.82242403
194 21118.08891573
195 21715.06439133
196 28017.09602388
197 25847.265514
198 33600.82225636
199 28422.61771085
200 39610.40084283
201 70046.47595143
202 79620.74094632
203 69515.28843235
204 31144.14437011
205 31144.14437011
206 25155.44440999
207 28164.84465957
208 28356.72071788
209 28829.9477323
210 36464.02124513
211 35921.05975585
212 29777.61102948
213 29467.23215291
214 25892.25061127
215 32448.37581836
216 22675.27534615
217 18909.21061388
218 18909.21061388
219 18053.13299802
220 18492.90358808
221 17917.27541314
222 23270.2189343
223 23814.38969193
224 26489.52561994
225 25144.41612496
226 26173.90658051
227 23908.94696041
228 24459.18872009
229 25076.63738149
230 27304.51277219
231 22144.98660222
232 21180.79663758
233 18832.31312516
234 18832.31312516
235 20276.98571431
236 21217.71211469
237 21261.64886476
238 18857.96088896
239 17967.93938314
240 20174.51405374
241 23351.49634712
242 22500.57451797
243 23434.61714999
244 24114.62905231
245 28841.87457948
246 26422.53169998
247 23631.13725805
248 23631.13725805
249 26233.07965844
250 28068.34592474
251 27047.72343709
252 22028.0693063
253 22536.76819233
254 31219.31494745
255 42656.978094
256 36674.49322793
257 20812.11718765
258 21750.50942748
259 19845.10559686
260 19227.65693546
261 20593.3239924
262 20627.26788235
263 21777.28208348
264 18861.82046707
265 20862.75649736
266 21534.32270145
267 17241.7575625
268 17689.99303101
269 16755.39734853
270 14940.68864418
271 16975.80290158
272 15801.60333344
273 15040.97354111
274 15040.97354111
275 16108.35440497
276 17303.51462451
277 15179.63631194
278 15308.00630066
279 12918.49204048
280 18238.68214874
281 16032.10747814
282 15968.82243448
283 18363.72681852
284 17328.19002121
285 16928.55962387
286 11599.09845825
287 11599.09845825
288 13202.58829075
289 19322.1891547
290 19034.37506723
291 18919.0914845
292 17514.40912706
293 17580.11270743
294 19502.44629495
295 16411.15330214
296 17942.40574692
297 19172.63474862
298 20178.42730276
299 16269.26033564
300 14823.69719144
301 14823.69719144
302 16276.02848014
303 21927.74565997
304 19345.15155319
305 20262.18005217
306 18019.79344127
307 17444.16526633
308 15363.18318777
309 18143.69421455
310 21085.67535852
311 15417.83460068
312 15589.40074542
313 15117.78608881
314 14542.15791387
315 13672.44084156
316 13672.44084156
317 14908.14434326
318 14908.14434326
319 17607.23130112
320 21868.69296757
321 27859.40837493
322 27955.34640409
323 25452.88272173
324 21862.16190025
325 23814.40848323
326 21593.78870263
327 15480.55289373
328 17489.55071302
329 17585.48874218
330 23540.56352564
331 22506.23599668
332 18804.30928054
333 18804.30928054
334 20325.16577576
335 21471.73971543
336 20886.45383389
337 20886.45383389
338 22865.45428158
339 22908.98794219
340 21564.04719951
341 22909.55978394
342 21852.57486963
343 19185.73506778
344 19185.73506778
345 16184.34981363
346 15747.80393918
347 12248.18133342
348 12248.18133342
349 13969.37328534
350 19649.69102484
351 18340.05340147
352 18723.8055181
353 16134.9495237
354 15078.04898554
355 18653.03052718
356 18698.17654559
357 19502.48995954
358 19350.52523685
359 15995.79928727
360 16283.61337474
361 16473.46850574
362 17005.67774958
363 17005.67774958
364 19020.31882117
365 17196.99527737
366 17397.73382352
367 20801.6554773
368 23053.53887367
369 26059.77999251
370 26758.88705998
371 23891.30871198
372 20887.48612985
373 15405.56494478
374 15405.56494478
375 16241.16937484
376 20148.14666235
377 19232.32743172
378 18512.17533669
379 17631.82797768
380 19454.65053165
381 19569.93411438
382 20380.14390908
383 15264.78882632
384 15345.80980579
385 17412.28066415
386 18575.59681714
387 16400.5261444
388 16400.5261444
389 17777.47970594
390 16032.92735721
391 15897.08621252
392 19564.77832768
393 19551.87946527
394 21689.0597297
395 22312.639109
396 24027.61596687
397 22892.11298595
398 25124.8910349
399 24031.71244623
400 23810.71626013
401 23810.71626013
402 25173.56169092
403 26228.88001164
404 25435.61876514
405 25941.49602501
406 26645.12145259
407 27040.14911368
408 25908.52706625
409 26540.57132401
410 26961.96855166
411 28922.99872639
412 29331.73142879
413 30233.44252866
414 21160.53643354
415 21160.53643354
416 21543.06832168
417 21854.50650561
418 22665.5224792
419 25665.78284114
420 26091.44530045
421 24655.49071819
422 24194.75947673
423 25878.78282309
424 26809.51636337
425 25649.42492599
426 26356.84691091
427 22170.59421934
428 22170.59421934
429 23035.2210898
430 25294.5374576
431 26113.21213075
432 25147.89727392
433 23313.84027597
434 19973.54117044
435 21465.77831471
436 22538.14621297
437 23657.5256159
438 21676.76284941
439 20225.64082905
440 18402.81827508
441 13496.98533022
442 13496.98533022
443 15104.10296777
444 21627.91817402
445 20962.01440246
446 20456.62460819
447 19620.21399923
448 21406.13460032
449 22047.44991543
450 21855.57385711
451 22808.392941
452 34385.52503728
453 33169.55412734
454 31806.30560711
455 20998.58689491
456 20998.58689491
457 22373.12191975
458 28067.31345285
459 27622.30269994
460 27718.24072909
461 28426.38451677
462 29292.94245833
463 29181.6897701
464 29614.20475006
465 29219.58017841
466 31957.83239779
467 36528.46367246
468 44713.59804616
469 43478.70072336
470 25416.26246444
471 25416.26246444
472 22173.27666868
473 24998.53062442
474 28122.7737847
475 27676.55376344
476 29864.84201187
477 29929.73941334
478 31425.51998651
479 32788.36541729
480 33080.92398191
481 31250.49478902
482 30191.09133801
483 26837.79020264
484 26837.79020264
485 30037.17675293
486 35244.68935875
487 32714.11258232
488 31167.05527284
489 30379.0153979
490 31723.72180343
491 33333.25797767
492 30224.63213851
493 30014.21944556
494 31711.22603048
495 29992.2182781
496 24798.81380303
497 24798.81380303
498 31151.6347063
499 42601.39053635
500 34588.79723858
501 33572.60873488
502 32957.49423403
503 30346.68386575
504 28849.45968707
505 30692.38465293
506 32419.21985715
507 33902.58903351
508 33535.77763392
509 34153.22629532
510 25416.26246444
511 25416.26246444
512 27021.28027858
513 32862.44949996
514 33084.31744981
515 32696.54539882
516 32855.04392885
517 35058.73395254
518 35789.53512557
519 35812.10813478
520 36902.7838106
521 37438.89277923
522 26537.57293846
523 26537.57293846
524 29322.58353405
525 36094.48629571
526 40593.1333111
527 37479.67039854
528 40888.51350188
529 41368.20364766
530 42242.90775438
531 41539.51666395
532 37303.44963287
533 35812.10304365
534 34988.5912971
535 37286.43549981
536 28983.19591723
537 28023.81562567
538 28023.81562567
539 28371.3631078
540 32010.45466329
541 31656.62650225
542 31676.78097476
543 33509.37557591
544 34469.9377355
545 35132.78554375
546 34940.90948544
547 35450.01146092
548 38976.79102083
549 40231.20538954
550 30474.1065366
551 30474.1065366
552 28388.20300849
553 27908.51286271
554 29112.1379607
555 25499.18163461
556 26340.83240642
557 23515.68161812
558 23734.55918952
559 19246.02699296
560 19054.15093465
561 18937.65808357
562 16077.75722641
563 14607.28691245
564 13969.51502625
565 13969.51502625
566 23116.76754346
567 23404.58163093
568 28115.89112368
569 33174.17625682
570 34826.43991277
571 35697.83492774
572 37505.28802198
573 33426.10716313
574 35050.55764703
575 28543.97211969
576 30654.60876113
577 29759.75018191
578 24806.43705809
579 24806.43705809
580 28463.79880855
581 32175.84955451
582 27915.06289725
583 26202.33582378
584 25806.75511223
585 26145.75333977
586 26562.86654447
587 26284.33173445
588 29111.19804799
589 30438.97469662
590 23768.96918969
591 23768.96918969
592 20369.65027215
593 22719.25867677
594 26328.18410836
595 27951.42532391
596 28051.15717038
597 29463.17951408
598 29498.33267239
599 30916.80444728
