0 11995.59090452
1 21179.18107911
2 23670.84944136
3 23671.24643386
4 23671.24643386
5 19933.34689798
6 19933.34689798
7 19935.33186051
8 30182.75335618
9 28371.6735468
10 21873.73871506
11 21708.58983284
12 24307.41032185
13 26104.19840104
14 23719.03157926
15 23659.87969596
16 22641.48637072
17 20618.84540568
18 20618.84540568
19 21534.310123
20 27665.71332327
21 27460.86519051
22 30981.32038249
23 33078.23479572
24 25699.69888777
25 25557.97256336
26 21363.13465384
27 20887.53763243
28 30951.33084652
29 30171.24057352
30 24293.76653192
31 24293.76653192
32 27265.25543441
33 29865.12614826
34 28004.02528321
35 26095.3211672
36 28486.40702688
37 22577.77109096
38 23200.68818153
39 23226.49269437
40 21847.70187364
41 16225.09702047
42 24663.92821083
43 23529.32363056
44 16770.3469787
45 16770.3469787
46 18764.44033303
47 18302.69472299
48 27721.44681525
49 29382.86045011
50 23937.31690036
51 21953.54535116
52 19603.13462146
53 25084.69694016
54 27237.58729663
55 14560.24902116
56 14375.55077714
57 18207.86282993
58 12110.45494037
59 12110.45494037
60 23231.47504587
61 25142.59696659
62 21490.59121058
63 20844.14735652
64 21401.92182652
65 13991.98766098
66 9932.73929385
67 17352.05788081
68 15964.56907463
69 10340.05360433
70 11078.8465804
71 12615.31512511
72 12491.45346344
73 12491.45346344
74 14368.93857025
75 14365.76263021
76 10609.99843159
77 10631.83301938
78 11093.57862942
79 10457.16379368
80 10457.56078619
81 11080.08088424
82 11071.34704913
83 12317.97521526
84 12317.18123025
85 18047.69369948
86 17924.22903032
87 17924.22903032
88 17554.83254228
89 22590.46737448
90 22193.07787664
91 19431.59800947
92 16483.9286573
93 19425.31782874
94 17470.52673243
95 11329.23456921
96 11698.63105725
97 11698.63105725
98 13659.48459017
99 15767.11780104
100 15605.54185136
101 15605.54185136
102 13507.79760345
103 15473.70448991
104 16223.65918218
105 16567.02184962
106 16239.50303272
107 14867.13579142
108 15845.7223171
109 15873.90878497
110 13953.25904413
111 15137.16239442
112 15137.16239442
113 15432.95766058
114 16725.8453687
115 17163.72810209
116 15197.71366659
117 16133.82199419
118 16015.55407728
119 15800.38413938
120 14072.56520709
121 14063.43437947
122 14286.94115998
123 14009.44339875
124 13903.04940731
125 13916.5471525
126 12531.31032237
127 12531.31032237
128 11776.19472752
129 11775.00375001
130 12331.22609967
131 12308.99451937
132 11094.12575367
133 11169.55432968
134 11599.42551361
135 12606.99249217
136 14047.74999342
137 15710.03418957
138 16087.57406215
139 18329.85943169
140 15860.16905595
141 13887.91028941
142 15133.74447053
143 18402.97775203
144 20470.94756204
145 22031.92209305
146 23582.97181142
147 21030.70699457
148 22878.67125727
149 22135.10429476
150 22083.53111874
151 23300.71014012
152 23756.49338594
153 21721.11281104
154 21721.11281104
155 16379.97564416
156 24062.57460756
157 23753.31744589
158 22800.53543307
159 23489.35327952
160 24587.4345493
161 24501.25132596
162 22285.63615364
163 21322.46063632
164 21724.61404423
165 19079.48883081
166 15757.0585536
167 17002.89273472
168 20952.57117038
169 22592.51136027
170 20365.7803978
171 15175.39283391
172 15494.57480821
173 16381.5277645
174 16483.15784587
175 17026.27944286
176 17107.26591395
177 16261.63602789
178 16389.86460712
179 16389.86460712
180 16447.42852039
181 17941.78000986
182 18093.4311469
183 17638.4418861
184 18538.0269032
185 19557.97234879
186 18818.77230384
187 19353.12421603
188 18900.94975245
189 19627.0848944
190 19310.68186764
191 18873.19612675
192 19037.94801647
193 19037.94801647
194 18450.76025139
195 19326.92271068
196 19180.82946871
197 18981.53923103
198 18507.13318715
199 18609.16026102
