0 11562.41127444
1 20677.64815874
2 20625.2525715
3 20014.97016655
4 20032.57180914
5 20032.57180914
6 17576.70593042
7 25183.48091202
8 33777.78346594
9 33310.72592657
10 31519.13108388
11 32080.74628459
12 30109.94892836
13 29981.82534394
14 34126.90661575
15 34488.35429959
16 31396.28460803
17 28722.06295626
18 26724.39255628
19 26724.39255628
20 33043.79158581
21 29040.38645402
22 28356.37843625
23 34593.91983685
24 29495.23570047
25 29258.63687684
26 30334.70448132
27 31464.89367166
28 31583.1487652
29 31863.54702503
30 26384.701367
31 20405.96229105
32 20405.96229105
33 21625.2128454
34 27619.18615732
35 27378.58256498
36 24976.16302202
37 31882.56684095
38 32097.87995725
39 29301.63051068
40 32835.8766061
41 21538.37785965
42 23630.10794392
43 24184.31274135
44 23369.36007375
45 21316.10799886
46 17910.30619186
47 17910.30619186
48 22108.09327878
49 18026.63706145
50 18749.1230886
51 18442.98069395
52 16051.61334516
53 15498.72725029
54 19487.89578656
55 21245.60400219
56 22733.42385684
57 20550.00149491
58 12958.14004529
59 12958.14004529
60 16924.2403949
61 9895.3108041
62 12338.25505907
63 11784.05026164
64 10510.68052397
65 10484.89207088
66 10983.83385295
67 9211.79871894
68 14337.7485259
69 16917.82185684
70 13208.2450618
71 13208.2450618
72 13208.2450618
73 11146.52979068
74 16538.36318989
75 16233.03947629
76 14266.15825224
77 18711.00974337
78 17376.5596309
79 11536.39924383
80 12075.09137513
81 8375.60466229
82 8375.60466229
83 10313.42270905
84 12716.84868226
85 10172.38797701
86 10172.38797701
87 13310.71314793
88 14515.8116544
89 14468.32815347
90 12404.0238844
91 10844.56943782
92 12394.74200711
93 10835.56394626
94 13080.38738699
95 13939.46019478
96 17361.13764574
97 21758.18493195
98 12365.86657901
99 12365.86657901
100 20191.73785429
101 20413.41977326
102 19828.88150314
103 26190.85194731
104 26908.42588815
105 22133.32522964
106 15970.29428077
107 8535.92982074
108 12967.04100708
109 20520.3462869
110 10868.85649817
111 10869.67517922
112 10869.67517922
113 12798.48773442
114 13125.55081413
115 25991.87452097
116 28605.92311552
117 28938.44599398
118 30775.06829445
119 28993.20898783
120 28348.86268275
121 26627.17643335
122 24233.16529222
123 24347.37129878
124 23535.19537832
125 22788.96760071
126 22788.96760071
127 18556.69679701
128 18810.89726322
129 21041.34946729
130 20363.4815574
131 21923.71036676
132 22145.39228574
133 25140.94624986
134 13421.82676236
135 12740.68412826
136 8166.20464541
137 8521.51222137
138 17096.94079286
139 17096.94079286
140 15656.00831954
141 18802.84100495
142 24091.11125126
143 19126.57456607
144 19604.27495909
145 21512.89687375
146 21534.18258107
147 19917.65457285
148 17478.16231515
149 15262.81139224
150 13851.12887529
151 14251.05456851
152 16485.10220078
153 15788.40462672
154 15788.40462672
155 12699.97468162
156 15582.55066077
157 11555.5915277
158 13417.68157727
159 10549.11181252
160 9325.59298241
161 16666.58348441
162 20159.89552729
163 19925.38772456
164 18726.01998544
165 11826.16561492
166 10536.33361971
167 12531.47089046
168 12531.47089046
169 18034.37900295
170 24321.44013099
171 21184.47593645
172 21853.74769531
173 20730.97095269
174 21152.59169374
175 21193.11640575
176 20852.5450887
177 52749.49820488
178 51530.24765053
179 64643.06203789
180 60989.33282736
181 14309.77668459
182 14309.77668459
183 24169.43943874
184 27262.82578841
185 29681.44167932
186 29849.27129469
187 25455.72032403
188 25696.00321238
189 26693.57184775
190 28503.49837755
191 28507.18244228
192 21323.93147344
193 23588.67964511
194 19136.28275145
195 19136.28275145
196 24193.14264617
197 25995.05963853
198 27749.40449342
199 27661.39628048
200 13475.6766634
201 13475.6766634
202 15866.22533113
203 15671.46787762
204 15813.5090399
205 13822.15602087
206 14267.92785291
207 14299.4027551
208 15133.09476399
209 13322.17228008
210 9568.33191391
211 12325.24035179
212 8430.0445496
213 8430.0445496
214 10757.14543591
215 12087.23694975
216 14307.77634468
217 14415.43290284
218 16798.07114579
219 16531.18112329
220 18111.64489147
221 23896.03585444
222 27021.26212855
223 29386.02234319
224 28676.04859925
225 29119.4124372
226 25305.58676301
227 17799.46523237
228 17799.46523237
229 19937.04145547
230 18235.63448315
231 18559.42283866
232 15871.4608821
233 15540.71373766
234 16372.77007079
235 16991.28360451
236 15982.30352792
237 15824.29808516
238 17303.61042531
239 16134.53388506
240 14820.50648059
241 14820.50648059
242 17614.66490627
243 17830.88534016
244 18282.38793956
245 20146.84539576
246 22644.64128112
247 14353.80348737
248 14366.08370313
249 17790.72565042
250 17179.58024615
251 16493.02754869
252 17490.59618407
253 20016.7799966
254 20016.7799966
255 21687.70802086
256 20040.33399788
257 17884.33745114
258 15658.06728885
259 15351.88057593
260 14644.26376249
261 13983.17881413
262 18540.09049654
263 19279.76882575
264 20309.81301832
265 14527.92241677
266 14527.92241677
267 22314.39788897
268 22115.09337142
269 21664.40945306
270 18492.24197335
271 13461.03757692
272 15056.51398973
273 15341.82433586
274 16483.84008317
275 14709.75824654
276 14003.2286802
277 12753.92139699
278 14195.89511281
279 14195.89511281
280 14195.07643176
281 16252.4219119
282 15026.85637916
283 17376.4266761
284 15543.80914435
285 14804.94949618
286 11755.58417406
287 12420.62993098
288 12420.62993098
289 13640.37605983
290 14860.12218868
291 14860.5315292
292 14860.5315292
293 18176.68776117
294 23542.73270729
295 20569.69247205
296 19263.07751531
297 14009.68985018
298 13977.35194868
299 14309.87482714
300 24256.45072745
301 48123.86873594
302 93030.65970018
303 50561.85658634
304 18853.11147527
305 18853.11147527
306 31957.09764414
307 52694.28865569
308 59608.91312727
309 63028.13453507
310 55617.66573255
311 57318.47561516
312 56926.05100621
313 58472.13017025
314 62706.17129086
315 18457.09143811
316 18457.09143811
317 17473.44615583
318 40101.83471251
319 76620.33099583
320 86061.45998393
321 81807.59324505
322 80134.3864507
323 77748.74986927
324 76454.13874256
325 78667.85230336
326 83562.88973579
327 77904.57565461
328 17632.54666536
329 17632.54666536
330 22144.29793519
331 32315.32539816
332 33050.5009816
333 31680.1618577
334 30099.28874901
335 28897.23289928
336 29202.60093115
337 30199.66581424
338 30623.33325792
339 32725.11958225
340 34308.03939358
341 20682.32132802
342 17632.95600589
343 27688.81535034
344 28619.70002313
345 29786.72986075
346 34969.0357054
347 35242.4751763
348 31141.55836295
349 30791.98155434
350 30852.2432481
351 29869.00730633
352 20950.57232689
353 20950.57232689
354 17158.57465534
355 27263.55486282
356 25609.58707316
357 25646.42772044
358 25914.54576451
359 25403.27944841
360 70093.99340968
361 82800.33265543
362 78463.68001777
363 69041.47980649
364 72246.1181425
365 19431.77554711
366 19431.77554711
367 16220.17842217
368 21691.42388329
369 21847.38262342
370 22433.96759618
371 23883.71878198
372 23903.77646772
373 22973.43409025
374 22271.00574884
375 22146.97556968
376 22448.65953682
377 20776.41485445
378 15803.74615314
379 15803.74615314
380 23994.24072381
381 29196.95880033
382 75080.11555394
383 75712.95600605
384 80753.71866547
385 48078.92991469
386 49975.75911453
387 66618.72619206
388 12659.22607995
389 37162.34992423
390 51730.92265047
391 13363.84455491
392 13363.84455491
393 42990.27441381
394 40551.7733051
395 57426.01777942
396 77489.53339898
397 77198.49228549
398 68638.26410783
399 73241.29831479
400 38255.78229871
401 38034.10037974
402 60528.59026638
403 77683.73097759
404 66433.23870726
405 11923.81699661
406 9484.32473891
407 15950.2676765
408 15839.42671701
409 14213.24976481
410 14790.82924601
411 58834.37583678
412 59833.57605903
413 63384.25056984
414 64618.82159414
415 58454.02032837
416 62497.07669672
417 24490.26258169
418 24490.26258169
419 29035.73368163
420 35787.80564641
421 38891.35251203
422 34731.53498131
423 35182.21889966
424 42955.88233689
425 42883.83840444
426 45721.74147194
427 128244.38203128
428 146757.21662836
429 110023.81656926
430 109538.93579597
431 107100.43468727
432 30024.88849805
433 30024.88849805
434 33601.5730533
435 39261.11515605
436 39528.37020081
437 38203.33492042
438 55776.26887703
439 72966.11489635
440 73298.63777481
441 137371.12763183
442 141363.42577505
443 111475.76091439
444 40804.34724344
445 109457.34710242
446 14638.9358442
447 14638.9358442
448 27522.71776271
449 32679.99904093
450 33566.72671682
451 35551.57460572
452 35298.19282056
453 26796.35690709
454 27515.97755056
455 31567.23120555
456 32659.35172704
457 34939.6105204
458 35281.40985902
459 35503.091778
460 23744.177623
461 16358.03718455
462 16358.03718455
463 23790.0680801
464 142259.76554945
465 144835.87842995
466 173515.91299435
467 149804.73011172
468 147477.06996251
469 125160.64320437
470 114203.95831855
471 18706.45112886
472 20168.16182643
473 26909.59093755
474 35250.58986672
475 35472.2717857
476 18335.23069414
477 18335.23069414
478 15861.22087751
479 23445.48213021
480 25149.93175928
481 28752.1283819
482 27607.5679549
483 22855.1244562
484 24517.7388485
485 19088.33475749
486 15924.54183747
487 12134.81245989
488 15718.17941834
489 23052.20065528
490 13273.05550594
491 13273.05550594
492 24467.31180347
493 22693.85645169
494 25238.72649746
495 22101.3529624
496 21974.45739955
497 16901.89913395
498 18141.38224455
499 22113.31247416
500 21780.7895957
501 20938.36679464
502 19445.13687663
503 18027.181297
504 10157.64354031
505 10148.63804875
506 10148.63804875
507 16720.20131799
508 21140.80970893
509 18829.26376257
510 14339.56208673
511 12780.38402587
512 12037.11026847
513 12002.68170419
514 13281.46150522
515 11126.23932126
516 11035.36572464
517 11035.36572464
518 17146.87456172
519 23273.47420384
520 26780.48223325
521 20857.73417272
522 19436.59250543
523 20475.49875863
524 21636.38848837
525 23606.1350961
526 23376.17435742
527 22813.74047566
528 24254.67294899
529 24768.4396265
530 17355.28271337
531 17355.28271337
532 16006.68295559
533 17880.6438804
534 17869.22666396
535 16679.68309744
536 19771.07753887
537 43284.00665246
538 58431.15481401
539 57811.41325871
540 59732.40402566
541 59091.78610357
542 54472.6441852
543 17355.6920539
544 17355.6920539
545 26094.48133713
546 75068.39112418
547 85597.12741188
548 81225.37060171
549 84689.39787596
550 86292.78471355
551 78596.77349744
552 79679.47918685
553 88804.00019971
554 90028.33771087
555 63199.38532013
556 22844.95897425
557 22844.95897425
558 29554.18313867
559 31340.54519107
560 34385.08706342
561 35340.89718999
562 31335.35671904
563 31434.41712616
564 31579.68869437
565 32858.4684954
566 32415.06406997
567 32189.92678106
568 20729.79736739
569 20729.79736739
570 19017.11660954
571 38005.10691996
572 83148.40807129
573 81712.07648629
574 87152.21206748
575 95646.30435312
576 93807.95605401
577 87773.36939355
578 85318.14492282
579 84975.79281275
580 79272.86061431
581 30252.88309708
582 30252.88309708
583 24329.72569604
584 31127.64379964
585 31164.89378745
586 25008.44612913
587 24648.63580739
588 29643.87303198
589 29777.31804322
590 28352.90165172
591 28364.77252696
592 26540.34180571
593 11256.96140964
594 11256.96140964
595 16860.01451991
596 32210.43812559
597 30928.79294088
598 33854.62606091
599 34175.95837326
