0 16272.16413541
1 21216.52450819
2 21216.13874584
3 24062.94587532
4 24062.94587532
5 26909.7530048
6 26910.13876715
7 26910.13876715
8 27621.84054952
9 27621.45478717
10 30093.83548776
11 30365.41218609
12 32042.94385213
13 36444.49232931
14 35382.07303836
15 35688.75411105
16 37901.84298134
17 37182.78195054
18 34138.82049368
19 29756.94589663
20 29756.94589663
21 28206.03357426
22 29093.28699209
23 33275.48434189
24 34492.56457374
25 26195.58899535
26 25397.44668165
27 38611.14089854
28 38242.35208661
29 27732.34716528
30 32441.79236412
31 31181.12098608
32 31181.12098608
33 31226.52305478
34 30892.8386172
35 35905.64184591
36 34633.01183485
37 33299.01584558
38 33744.95712863
39 37187.05510012
40 37347.53224004
41 44338.8212995
42 38050.12337882
43 38050.12337882
44 39110.96985667
45 43135.24275009
46 41556.3174287
47 43307.58923201
48 44042.46651939
49 43249.30935264
50 44386.53677689
51 22158.67523523
52 17571.57457618
53 18000.92807794
54 38616.3922643
55 39592.37102392
56 39592.37102392
57 32998.1790813
58 32998.1790813
59 35450.08461337
60 42618.20165007
61 43045.2405777
62 43475.6620755
63 42417.13017178
64 44440.85105077
65 44742.60650387
66 44731.80515791
67 43529.05766056
68 41466.00058292
69 36483.64281662
70 35593.30329994
71 36445.68928739
72 36445.68928739
73 40078.41338989
74 42665.75127245
75 40102.37149239
76 39104.79004086
77 36235.93492976
78 36765.20088162
79 35068.23227942
80 35805.80990329
81 24966.33416661
82 25884.06281054
83 28142.90858276
84 27902.96439759
85 28307.70857339
86 24336.34465004
87 24336.34465004
88 27427.84416766
89 28104.97615641
90 26966.97720745
91 32508.48204361
92 36811.27535775
93 31270.36346425
94 32605.10121456
95 32605.10121456
96 36807.29867949
97 40272.98768203
98 23373.42344859
99 21411.43610811
100 12936.00021203
101 12936.00021203
102 17986.01520894
103 21738.59234932
104 22399.01750207
105 31376.47787571
106 32320.88095257
107 31738.37979565
108 29898.29335953
109 30564.50494762
110 21069.94443544
111 23233.68548789
112 33636.98305511
113 32588.09521029
114 31673.3336105
115 31673.3336105
116 37296.97723016
117 19969.33583673
118 14402.7850457
119 33271.75539541
120 32764.86366017
121 25916.18761757
122 22408.40476065
123 24893.87161766
124 19284.32378854
125 19551.2713386
126 28104.30383007
127 28104.30383007
128 23183.63827699
129 22913.80882645
130 29142.71358202
131 12627.36865474
132 13319.81208301
133 13647.47197584
134 17357.34854946
135 20643.86523695
136 21588.26831381
137 23174.52311996
138 22552.28844041
139 22426.91567485
140 27786.45973387
141 24991.61146769
142 24991.61146769
143 16029.8780596
144 15355.30443327
145 21032.56902035
146 24138.93468779
147 23149.84000808
148 25003.72459797
149 25207.79288407
150 32434.81250647
151 33514.1303086
152 32912.34103389
153 30286.21973548
154 29420.1832472
155 26185.65518668
156 24671.53794103
157 22839.55251438
158 33515.07924993
159 38016.92593956
160 27680.06878853
161 28548.41985094
162 24216.84317851
163 23427.57339899
164 25990.84519712
165 26515.48200071
166 26766.61329419
167 26442.95867786
168 27008.42676378
169 24262.95607912
170 24262.95607912
171 27570.86827822
172 28390.28704883
173 27227.21354675
174 21520.86913006
175 20771.71863552
176 21041.54808605
177 23377.9916191
178 22405.87048303
179 35880.78534201
180 34428.00431089
181 39214.39480055
182 36087.63197898
183 18295.08741973
184 18295.08741973
185 19115.21818769
186 30878.56500231
187 30509.77619037
188 21894.51690495
189 21346.73436002
190 23726.76903925
191 23722.52565334
192 26960.47905973
193 29042.82425515
194 28143.99796665
195 19434.61266646
196 12728.75798646
197 12728.75798646
198 14112.48755593
199 29502.59345565
200 14474.96642457
201 13722.72983119
202 11930.24098318
203 11746.23233957
204 11746.23233957
205 14326.18121002
206 13165.42228208
207 18269.65118906
208 17537.47423817
209 17774.30256082
210 17490.38146711
211 7237.65027328
212 6563.07664695
213 15372.37439723
214 15372.37439723
215 15284.42058016
216 18503.90390881
217 17816.47539116
218 17762.88418741
219 16957.79815131
220 17092.71287658
221 16256.024091
222 16416.50123092
223 12544.75328634
224 13343.66712475
225 18960.54443863
226 19072.05239378
227 13573.87083072
228 13573.87083072
229 12889.52841192
230 19541.85141553
231 20125.50985952
232 18729.85142071
233 18986.38338717
234 19121.29811243
235 17798.19276014
236 17442.90563065
237 14390.4276383
238 15141.89270697
239 17188.68823833
240 17717.95419018
241 18027.21654465
242 18027.21654465
243 17048.53744854
244 18384.49201327
245 18211.28471562
246 17095.33374828
247 16979.21927925
248 17143.27037955
249 16431.56859718
250 15946.66531622
251 17014.42575279
252 16815.75813967
253 18424.29787141
254 14953.71301295
255 14548.96883716
256 12949.98387327
257 12949.98387327
258 16507.72126041
259 19193.39877997
260 18692.73876978
261 18486.35590954
262 19976.4963618
263 20516.15526286
264 18747.82062488
265 13738.54878472
266 14423.66272823
267 16892.83827527
268 16848.47560438
269 15784.92879004
270 15784.92879004
271 13489.64277434
272 13489.64277434
273 11601.45509848
274 13173.05093511
275 16078.52370632
276 15219.04517808
277 21053.49246051
278 20648.74828471
279 19614.90517175
280 19114.9869226
281 17563.06496609
282 16935.8451396
283 17193.92015548
284 17202.02116495
285 18011.50951654
286 16740.42255491
287 16740.42255491
288 20283.17473753
289 20287.41812344
290 17876.9379818
291 17744.62149384
292 16710.06638352
293 16958.88310287
294 13027.69799185
295 16670.39557404
296 17101.67788758
297 18840.63505918
298 18720.27720424
299 19380.99882832
300 18295.84932207
301 18295.84932207
302 20711.81942772
303 21608.71690445
304 20922.8611999
305 20673.27295584
306 22789.86170988
307 21918.03878627
308 24891.37596838
309 25039.50871293
310 27227.10750407
311 28159.88087987
312 28024.9661546
313 25141.89736369
314 22383.31075894
315 22383.31075894
316 20041.11055423
317 21794.40046035
318 21839.17865727
319 20755.18643809
320 18105.47410863
321 19155.51924052
322 16816.36948825
323 19663.17661773
324 19169.40080258
325 19125.42389405
326 19630.77257986
327 19630.77257986
328 19189.10444639
329 15414.80555939
330 15414.80555939
331 18273.24508689
332 18138.33036163
333 20543.17288632
334 24748.5755048
335 24521.36147736
336 25222.67743981
337 24898.63706112
338 26526.49467432
339 26939.26039479
340 28031.70962212
341 29245.94214952
342 28822.76084544
343 25758.62069139
344 25758.62069139
345 32526.90934564
346 37124.42509946
347 34282.21735457
348 33841.67674449
349 31260.27411565
350 31392.59060362
351 31317.75270663
352 31447.36885811
353 32652.46069327
354 30885.66910471
355 28588.84003958
356 28588.84003958
357 32195.5394822
358 32573.20082831
359 28171.08917216
360 28995.46332604
361 31979.24585543
362 32444.47525626
363 32157.4680637
364 32829.46608713
365 32993.05908957
366 33280.83780683
367 31312.6187413
368 31312.6187413
369 31028.66788392
370 35369.26590892
371 34175.36118207
372 34292.63293817
373 33730.99271212
374 33345.23035654
375 30864.48193883
376 31681.52660795
377 33746.42320634
378 33046.65029332
379 27958.89011291
380 27958.89011291
381 30034.97381962
382 34286.46074048
383 33529.65452618
384 33046.68005699
385 32247.02445755
386 32142.86862154
387 33889.92680262
388 34019.92871645
389 33939.69014649
390 34237.498685
391 31389.77121242
392 31389.77121242
393 32996.73813106
394 37189.58917387
395 35107.33326948
396 35655.1158144
397 34164.97536215
398 33694.73105069
399 33155.46504127
400 33439.00037262
401 33997.55449982
402 34003.72669751
403 29770.01460869
404 32863.65011839
405 32863.65011839
406 36056.60513553
407 36525.72192359
408 36799.2274337
409 35383.53911607
410 35116.20580366
411 33988.29620329
412 34048.08936841
413 34929.88258591
414 35387.78250198
415 33914.61559337
416 32331.06112371
417 34287.05368313
418 34287.05368313
419 36981.98949922
420 34651.77769121
421 37215.15747127
422 37291.92418003
423 37952.31956911
424 37961.963628
425 40158.790952
426 39823.17770265
427 40126.00115178
428 39352.93339119
429 40862.77748726
430 40356.65727674
431 37080.73358947
432 37080.73358947
433 39105.60019391
434 39865.99732412
435 40169.2065356
436 39369.90693484
437 39600.20706112
438 38718.41384362
439 38790.16564175
440 36637.28546261
441 36883.78760783
442 34320.87180838
443 32662.09367938
444 33291.92455134
445 33291.92455134
446 31538.03312288
447 34545.43644698
448 35020.75519641
449 31526.13401721
450 36636.23865056
451 36941.76243618
452 37252.6571311
453 37649.22083263
454 38290.38763129
455 38013.79602233
456 34631.04592625
457 37857.94803068
458 37048.45967908
459 31029.05364628
460 31029.05364628
461 32352.99005063
462 35638.0827434
463 35135.43439408
464 35851.05332736
465 35941.32171857
466 33735.97785906
467 31926.28988119
468 30733.12691538
469 29650.38127429
470 29650.38127429
471 28245.04901291
472 21550.29215019
473 21550.29215019
474 22874.22855454
475 22874.22855454
476 21884.89693086
477 21764.15331357
478 19176.162961
479 18730.22167795
480 18228.79014305
481 18528.14173098
482 25564.9507484
483 23845.22216722
484 24924.53996935
485 27915.23645746
486 26188.11886417
487 26188.11886417
488 26938.04088342
489 32486.78707874
490 29443.12209321
491 31626.95255183
492 31941.34887163
493 31680.1877569
494 31275.4435811
495 30906.65476916
496 27429.15595199
497 27182.65380677
498 25570.61245015
499 22290.47514065
500 22290.47514065
501 21703.34483545
502 21333.93331719
503 21333.93331719
504 21492.48164533
505 21573.90726604
506 21200.10354348
507 22231.57255495
508 22782.44119872
509 21605.51001552
510 21360.16515737
511 20550.67680577
512 20465.42332519
513 15581.01943353
514 14299.13112593
515 14299.13112593
516 18692.90482865
517 16217.58684759
518 14156.45858172
519 14561.20275752
520 20492.89191723
521 21029.8731162
522 17639.94235374
523 17234.89188038
524 17410.02798981
525 17760.30020868
526 16397.75780509
527 16532.67253035
528 16532.67253035
529 15550.49180937
530 17063.45176796
531 20004.02891352
532 20709.20249952
533 20234.35880348
534 20458.10096972
535 19814.70888796
536 19043.95570151
537 19178.87042678
538 20788.98297162
539 20883.10898638
540 20516.66451225
541 18264.96964273
542 15685.40653464
543 15685.40653464
544 16216.98706063
545 12382.30206586
546 11513.17947873
547 8254.02215481
548 9393.5641532
549 16947.7400168
550 19461.36752577
551 25526.0851708
552 23929.07892368
553 21112.62796558
554 17327.91349498
555 17327.91349498
556 25757.20672677
557 28929.98304672
558 28936.54100677
559 22521.16538051
560 23539.19223689
561 29906.70356738
562 29535.21441895
563 30373.0604916
564 29919.40396143
565 28754.81717361
566 23599.87481598
567 20886.42240683
568 15904.50993024
569 24395.13937657
570 24444.87295677
571 24736.50929758
572 31230.13515467
573 31709.63776265
574 23143.96323904
575 21677.68052548
576 19220.84937381
577 18741.34676583
578 13781.36321615
579 13781.36321615
580 19926.7051935
581 26884.70080111
582 28091.27615834
583 29491.97927145
584 27329.30621503
585 27847.77082093
586 34483.56557061
587 33481.35497081
588 27372.21512753
589 29542.12837767
590 31558.47844662
591 22309.05444686
592 22309.05444686
593 32999.35920663
594 38776.92200616
595 30801.53324018
596 30801.53324018
597 30447.78916011
598 39786.32309857
599 39937.54194196
