0 18692.78126461
1 21073.91542398
2 21065.74863022
3 22423.5872322
4 22423.5872322
5 21064.5819454
6 21071.58205434
7 21071.58205434
8 23206.4327481
9 28003.45184326
10 31162.366098
11 28512.04707623
12 25028.30236413
13 24005.89756468
14 25414.39569073
15 25825.06874825
16 26192.96336228
17 23056.99390905
18 23056.99390905
19 23768.67165077
20 31501.68884994
21 30463.72825286
22 25909.33193652
23 26265.94859727
24 30139.15967655
25 27637.39852217
26 31985.18844316
27 33015.37114142
28 27441.78436694
29 22424.36502208
30 22424.36502208
31 23873.38757162
32 29723.92306151
33 27192.21699669
34 29148.46173084
35 28317.39324228
36 25391.14134393
37 26095.04118683
38 27067.87379739
39 26556.47695019
40 26215.51926885
41 27211.09031738
42 24462.0951624
43 24462.0951624
44 25967.11858342
45 24429.01526031
46 23379.387815
47 21170.64708248
48 21467.37392234
49 27625.36661113
50 28443.60156664
51 29035.70603012
52 29434.71223942
53 40048.63147487
54 39900.85139735
55 27180.49463094
56 27180.49463094
57 28047.36164529
58 28047.36164529
59 34151.1154059
60 32210.91854608
61 31249.85596552
62 34122.62289345
63 37145.73346419
64 36929.50787709
65 37216.09961636
66 36990.54055068
67 18489.60171949
68 16602.90351872
69 15386.4401438
70 13450.52112834
71 28399.57928314
72 33707.21743562
73 23490.77266182
74 22918.31930891
75 33706.46347786
76 34544.92097029
77 31529.69148013
78 31039.29495974
79 28081.43938942
80 27369.37275275
81 33327.8623369
82 31354.99830206
83 31354.99830206
84 12771.40737988
85 12438.46063857
86 15301.89408792
87 29827.23928862
88 30052.02056442
89 18790.59125248
90 20188.66856477
91 26430.01178479
92 26400.45576929
93 20989.81597501
94 22348.61489828
95 22570.57939249
96 19550.62764551
97 19550.62764551
98 17857.45842277
99 19862.21184276
100 28392.28113923
101 28884.23323938
102 18440.07856166
103 18766.75031196
104 26865.55895116
105 26873.33684998
106 26831.82827307
107 24205.62073763
108 23976.33724103
109 22774.65187385
110 22774.65187385
111 20219.77081187
112 25506.79753249
113 21038.16446667
114 18731.62857259
115 21701.46053644
116 20949.33772087
117 21406.10674494
118 21689.22226187
119 18891.20251222
120 19479.21166276
121 25649.07756331
122 27313.81126987
123 25071.83193597
124 25071.83193597
125 25004.71181049
126 29580.83857927
127 23953.79066647
128 19815.55960108
129 26516.57664116
130 26493.24294471
131 25073.57004714
132 25692.30189801
133 30633.2359534
134 23885.47217078
135 20995.20497051
136 20995.20497051
137 17659.78793015
138 15646.08992652
139 28181.43588287
140 27977.65493387
141 19841.98062493
142 20106.04028976
143 35693.6639374
144 31913.60511251
145 19812.44844155
146 23732.45392762
147 23732.45392762
148 22780.05021752
149 24021.172673
150 23015.49035601
151 21026.86416
152 21301.03509329
153 20986.39525403
154 20904.33842152
155 20826.19437053
156 21356.25817489
157 18290.44134043
158 13533.92283663
159 13200.56052269
160 13200.56052269
161 13244.50565101
162 12209.4260178
163 11160.57636237
164 16990.26237146
165 17759.88545937
166 23949.19610696
167 23853.91684646
168 20031.6271723
169 19809.6626781
170 19808.10709833
171 18440.93501777
172 17786.03593741
173 18414.61717569
174 18414.61717569
175 20656.20761464
176 13671.60681305
177 19267.02722175
178 23914.39326106
179 24699.5721466
180 16874.64872751
181 16319.73749199
182 14761.43546408
183 15878.44491591
184 15358.49238002
185 23586.31095781
186 23972.48363406
187 19219.48901685
188 19219.48901685
189 22784.8778344
190 21725.81372875
191 20857.80022081
192 20857.80022081
193 23947.98325279
194 23978.70595311
195 24669.9786265
196 25145.59713914
197 27530.61046162
198 27721.16898263
199 34970.91678423
200 13663.03379484
201 12097.73165799
202 12097.73165799
203 25574.33038503
204 29059.60684477
205 18910.70277678
206 19263.81938306
207 34313.41879613
208 34981.54030448
209 24786.66728383
210 23820.6522508
211 27360.50101615
212 26191.09392907
213 35021.51713374
214 31689.07638575
215 31689.07638575
216 25064.95736218
217 28773.07062302
218 14307.53589356
219 13828.8062214
220 34503.89796749
221 34230.89371903
222 22613.9112494
223 23539.48120858
224 31810.2845934
225 28526.43188089
226 25445.60615961
227 25445.60615961
228 33512.29521801
229 33211.29053381
230 36320.63259965
231 36970.08715084
232 34081.45487998
233 34659.741657
234 29683.10861669
235 30890.62740797
236 19936.16321824
237 35167.66228185
238 33600.02677535
239 33600.02677535
240 32753.06911174
241 32886.07118151
242 27298.95243373
243 27806.84922646
244 36967.93631261
245 34020.1126611
246 28425.89062262
247 29837.57925784
248 20022.39471334
249 34712.75838284
250 34712.75838284
251 34942.20639793
252 38455.17374811
253 35808.74367575
254 15408.21175788
255 15773.77300226
256 34902.80099502
257 35518.8105813
258 31413.50857198
259 30965.1127052
260 19092.23736451
261 18663.02436372
262 18663.02436372
263 19521.31549814
264 23612.30774428
265 23450.13855396
266 30357.06354915
267 29449.38275725
268 14005.26134277
269 15290.94801716
270 33214.37786121
271 30229.22029538
272 25211.65010452
273 24261.57976406
274 26804.61144641
275 26804.61144641
276 30644.94898713
277 20929.50407889
278 21444.01208561
279 25703.52285503
280 27310.04785561
281 24509.30584137
282 24021.63158557
283 22757.41348257
284 23005.13955988
285 35765.96523226
286 33502.98557156
287 33502.98557156
288 18651.35751549
289 24461.83682647
290 17598.07916971
291 14749.03483317
292 21237.01679532
293 22343.42290199
294 30612.46434351
295 29492.44691391
296 17641.55605344
297 19058.30032289
298 38666.44688275
299 32919.74634207
300 32919.74634207
301 31232.87878803
302 34534.20794075
303 24973.9321139
304 22924.45577572
305 33236.9575999
306 33406.51579411
307 35179.01958478
308 37233.16266225
309 29254.05431518
310 28810.03947452
311 26124.71990807
312 26124.71990807
313 23372.66911109
314 24841.52530261
315 23367.61347686
316 24876.52584729
317 20134.21392489
318 21048.89482573
319 19814.62163317
320 18564.32439839
321 21590.62547831
322 22425.68609804
323 19360.02727946
324 19360.02727946
325 29887.19911098
326 29134.68740047
327 26089.20345457
328 26321.76262919
329 22044.36269249
330 21239.73905991
331 32073.4871187
332 32698.05239368
333 25592.68779689
334 33040.87520008
335 33040.87520008
336 31561.9077401
337 23544.14794787
338 22725.91299236
339 23029.63994115
340 23494.75829039
341 16344.77395717
342 17451.95785372
343 33799.48221576
344 31145.66313952
345 25235.26951414
346 18208.69189106
347 18208.69189106
348 19388.59914155
349 20749.29487527
350 20993.52089812
351 19947.13162622
352 20266.41437265
353 34093.40744138
354 31830.81667562
355 27006.03519364
356 27371.98533296
357 34777.75935548
358 33873.96751299
359 20009.19611747
360 20009.19611747
361 22230.56401951
362 21503.40982979
363 20794.06545771
364 33916.07134836
365 33603.39981593
366 36805.66394051
367 38070.3502881
368 21753.85817169
369 21422.13078716
370 28217.05403939
371 28391.27897289
372 18841.9160365
373 18841.9160365
374 22083.74426328
375 36025.25497603
376 35580.35916372
377 36021.96128509
378 37127.58960188
379 33920.34919271
380 33486.34243874
381 31787.15726048
382 32494.16826291
383 31944.16763481
384 30008.24861935
385 28843.89716649
386 26125.88659289
387 32236.59279819
388 35479.2464791
389 33891.77733062
390 23157.22131387
391 25144.47446152
392 24216.36476916
393 25959.39189397
394 31690.97319621
395 29468.43860935
396 32834.86406321
397 32834.86406321
398 32191.5286493
399 35526.69166188
400 29080.21827663
401 28373.59616914
402 21179.95242079
403 21522.9577586
404 13400.2439966
405 15294.55125339
406 35720.17881101
407 36061.62856906
408 27915.76364201
409 24765.71462127
410 24765.71462127
411 30203.57706141
412 33137.78938999
413 37423.35612044
414 39070.32619487
415 31550.11387798
416 32280.06968192
417 30525.14551323
418 29403.96139881
419 34619.58229633
420 17576.01533985
421 13346.00506841
422 13346.00506841
423 22316.69233284
424 23331.70812841
425 30122.66308159
426 29323.09508324
427 14052.80970732
428 13841.2508595
429 24945.64596499
430 25484.65435298
431 24285.77060004
432 23508.10773226
433 22728.37337589
434 22728.37337589
435 27784.19013812
436 24801.36594194
437 35628.89168168
438 35826.83920656
439 15110.03252003
440 15746.65353817
441 32200.83829576
442 31073.82075723
443 22929.40822818
444 18997.47401284
445 18997.47401284
446 19655.09535778
447 19178.77840491
448 19629.89653627
449 31184.16373866
450 31630.22623579
451 31794.33990082
452 31974.39825843
453 23170.80880467
454 22108.73672126
455 22257.6834836
456 22666.02317147
457 31560.74105527
458 31560.74105527
459 33556.16099668
460 29134.27467341
461 30033.78867155
462 30278.22105793
463 30836.28529802
464 21897.07469168
465 21948.40882387
466 26998.64618977
467 28404.89029582
468 30238.65695573
469 30185.76724378
470 24766.49241115
471 24766.49241115
472 29081.67067463
473 16812.12249429
474 15383.32248167
475 18927.65545489
476 18511.92676314
477 21896.01118862
478 22359.18506316
479 16654.92958855
480 18154.89737534
481 25709.95153761
482 25709.95153761
483 26805.38923629
484 29918.10434272
485 19844.17764867
486 19658.28586695
487 36281.74310557
488 36940.53113534
489 25188.80848477
490 24731.07913942
491 21155.55522128
492 22317.57330449
493 15131.99316812
494 11855.16439667
495 11855.16439667
496 27789.86486295
497 29128.05235435
498 29521.71721624
499 27689.63314998
500 26879.3586247
501 28269.65803817
502 27307.53195455
503 27626.81470098
504 22154.3406111
505 13387.79935849
506 11855.55329161
507 11855.55329161
508 33998.33454441
509 32999.65233635
510 21654.61061213
511 23536.86212576
512 27985.58219995
513 29270.10218952
514 37120.48631118
515 36627.75642114
516 27779.9361259
517 35545.66816434
518 33600.02677535
519 33600.02677535
520 25380.0416139
521 25783.32566754
522 27388.9935286
523 26160.86330545
524 30965.50160014
525 28795.4678303
526 13776.59111756
527 14139.04120241
528 23403.860056
529 33170.97247385
530 33170.97247385
531 33525.25576495
532 38332.87820528
533 37522.42114859
534 21240.33431838
535 21886.67771004
536 15951.99006693
537 15966.37917974
538 16967.41858957
539 18910.33771397
540 32111.86070395
541 30516.61365666
542 32919.74634207
543 32919.74634207
544 35566.95420432
545 18416.90938369
546 16273.32046982
547 21981.56807561
548 24759.83353291
549 17192.85064136
550 17230.18455568
551 35959.71426244
552 36475.38895398
553 34822.22039262
554 21368.97919415
555 21368.97919415
556 22697.44431204
557 35332.450555
558 36416.68965004
559 26153.83936439
560 26340.50893599
561 15381.48118873
562 16062.82512507
563 22740.79418188
564 21288.27157787
565 13097.00912452
566 13097.00912452
567 23591.72014454
568 30199.82297917
569 29671.80683128
570 28192.45047635
571 33396.71407094
572 33709.38560337
573 29017.21729622
574 29871.61948123
575 34603.92331693
576 30230.79970727
577 32996.74754036
578 32920.52413195
579 20009.97390735
580 22986.18688954
581 34759.99720209
582 35000.72317047
583 27481.75688805
584 27481.75688805
585 25203.61032465
586 25549.33792705
587 16250.58203185
588 15966.2998301
589 15966.2998301
590 15297.78942681
591 17639.81794227
592 17359.03579499
593 20763.16022598
594 21758.73127451
595 24616.17260046
596 23934.05087424
597 16976.75206815
598 17252.08968626
599 18044.76075744
