0 10412.03059567
1 14267.73221366
2 14267.73221366
3 14278.84260586
4 14267.73221366
5 14267.73221366
6 19856.88773405
7 24040.14195619
8 40268.00126062
9 47131.541822
10 48200.57778475
11 53079.57242885
12 50257.91592678
13 54382.93636911
14 67350.67965247
15 55827.28735523
16 63110.79392322
17 36731.27478544
18 36731.27478544
19 22953.58812942
20 30834.68736961
21 30389.12233065
22 30730.86267007
23 44193.48918411
24 66182.87093463
25 57683.55889155
26 64501.5085332
27 63314.22903559
28 59562.36452442
29 29048.49052735
30 29048.49052735
31 20598.28888054
32 50088.33471761
33 50384.34452769
34 59306.37258202
35 63350.48553835
36 51609.86591773
37 50966.92583316
38 48988.89290442
39 55924.52926142
40 65065.70022399
41 32504.58873579
42 17369.79624665
43 17369.79624665
44 36773.9046671
45 63267.00013126
46 66139.22807369
47 57359.23251842
48 47232.68470272
49 57132.56688036
50 67290.14717082
51 67606.60179006
52 53110.60490362
53 66960.28345755
54 23572.7749617
55 23572.7749617
56 26829.2692275
57 45966.69252322
58 99486.21798909
59 108574.06588768
60 96457.60851709
61 43881.42093511
62 71792.25861176
63 35719.18364196
64 54863.92187207
65 58320.92592407
66 22413.18378383
67 22413.18378383
68 26276.15221701
69 58574.3740383
70 39126.20716602
71 46179.91497434
72 35085.61368625
73 42210.16080358
74 35548.13976971
75 40657.80492414
76 46651.66995806
77 47061.29180641
78 15508.40458007
79 15508.40458007
80 19996.2367953
81 29426.27957408
82 29933.14332863
83 28799.43040235
84 27329.79369605
85 31761.1323948
86 40099.29018312
87 63411.36704405
88 64124.34772978
89 62563.8765891
90 11787.1537148
91 11787.1537148
92 12362.21229044
93 24697.43107128
94 25024.61296575
95 67069.33380406
96 103778.83586991
97 115033.90505781
98 110220.73717697
99 113191.80929829
100 122834.44790387
101 106927.43120791
102 72476.05628956
103 73284.81621839
104 29333.67285127
105 29333.67285127
106 70634.83183188
107 117748.15126577
108 120859.06108204
109 105713.50722476
110 107759.10357412
111 116702.5861789
112 118095.73748135
113 111925.6386401
114 119266.16145116
115 128129.95572568
116 116369.24031996
117 130024.29545189
118 53708.82311078
119 53708.82311078
120 27630.05079637
121 30548.7738831
122 30644.93624318
123 34367.33645937
124 34744.70667723
125 33421.08551
126 37145.74871612
127 59283.77985195
128 68238.61635628
129 53238.43753409
130 46815.16655988
131 35126.26773055
132 17002.53623201
133 17002.53623201
134 18417.42130417
135 21150.96090257
136 28798.49839919
137 27694.73840158
138 27574.40920455
139 29411.45508743
140 38305.51560277
141 35824.41437731
142 34741.3426962
143 43001.93715355
144 21062.32489755
145 9437.02348564
146 9437.02348564
147 26713.78887482
148 33908.72561735
149 34068.10227789
150 35354.99218834
151 36588.07202011
152 36386.93560957
153 86927.4149215
154 107232.61446115
155 124760.28413638
156 124113.58268689
157 37123.52993796
158 37123.52993796
159 15340.26511862
160 24797.7510908
161 25085.85505408
162 31096.82236113
163 30656.62095979
164 16758.4586339
165 20205.74515197
166 63121.74217145
167 91440.21630678
168 116845.81800769
169 22052.47447588
170 22052.47447588
171 20728.85330864
172 14597.44928162
173 26692.45372073
174 26739.96022532
175 27563.73152089
176 21276.85018887
177 21274.55148703
178 20191.58871384
179 43696.92861243
180 60367.49743448
181 85841.8864879
182 46222.9941333
183 75529.59836437
184 21917.35859117
185 21917.35859117
186 22398.67537925
187 19500.15035636
188 24559.59309448
189 30729.76174054
190 36406.40592128
191 37889.31211199
192 40665.76081131
193 50889.621957
194 53848.81745217
195 56375.73058961
196 57519.12533793
197 60876.37936747
198 55193.60531518
199 24872.1956479
200 90121.02679326
201 81920.02488108
202 87861.0197728
203 87326.60730814
204 93064.55020447
205 63253.10332042
206 11380.5977191
207 11380.5977191
208 23712.8538429
209 99542.42996522
210 84462.28521251
211 91033.50752391
212 95730.20829394
213 91554.61641124
214 58012.93326903
215 89095.21324359
216 90242.54467834
217 94143.44169179
218 88416.3315874
219 15722.18476758
220 15722.18476758
221 51733.57790481
222 121837.08775696
223 125967.26242246
224 101625.54246112
225 111525.04152179
226 113057.50941157
227 111553.63568509
228 115787.84446457
229 116897.35121677
230 93683.14450534
231 21831.40210311
232 21831.40210311
233 16183.31799278
234 98427.80470174
235 104722.97337854
236 109867.85120152
237 115681.7210632
238 90132.41640471
239 110998.11607505
240 111521.83697638
241 108248.5212757
242 33344.31063247
243 33344.31063247
244 13470.71021823
245 18248.17886464
246 18838.63192399
247 18646.30720382
248 19144.04595584
249 19054.01346732
250 23684.74831327
251 30812.25646866
252 54742.71821603
253 118464.64865814
254 28959.50278991
255 28959.50278991
256 17124.14937938
257 24912.91742921
258 25033.24662623
259 24591.89587398
260 24691.50628681
261 23771.57263116
262 23968.11163802
263 25137.07132577
264 24581.16859875
265 20598.94527043
266 20379.41924522
267 23698.78040639
268 16462.8501478
269 16462.8501478
270 14657.91219249
271 20245.6391427
272 24479.08168823
273 16435.78274008
274 17067.54262765
275 20497.52069613
276 21320.83906992
277 21544.89269399
278 21215.02898071
279 20132.06620752
280 18511.34180445
281 17472.32857518
282 17255.17105661
283 13575.33253627
284 13575.33253627
285 16127.41429936
286 18292.02519368
287 22639.7080208
288 22519.37882378
289 22139.32678711
290 16556.30113829
291 16556.30113829
292 16546.58360435
293 15315.62877188
294 16582.45699014
295 15980.81100503
296 19625.01964694
297 22584.49436136
298 15954.65515318
299 15954.65515318
300 21214.74728715
301 40132.29715259
302 47918.03435956
303 47797.70516253
304 61731.28633343
305 43554.72040459
306 46856.80559011
307 40094.72122162
308 38783.69494191
309 39802.99550305
310 40043.6538971
311 49397.83789634
312 36571.70828316
313 20632.12664454
314 20632.12664454
315 16178.21651833
316 18358.91832549
317 19744.09559532
318 21121.01799429
319 19688.02090772
320 19239.39093299
321 19115.95746305
322 18881.10675894
323 15262.21793012
324 18188.74458491
325 13594.02273437
326 13594.02273437
327 18814.02719585
328 20787.07960394
329 17410.00738956
330 15339.64327046
331 15615.34788099
332 15469.76343146
333 13632.12501717
334 15096.39808586
335 16057.32525757
336 15839.33170025
337 17543.26229115
338 20671.8214137
339 17342.91804012
340 17342.91804012
341 17212.13554289
342 19512.75296243
343 18587.07255218
344 18946.43627234
345 17483.55606191
346 17624.92622475
347 21710.23439302
348 21946.30425286
349 21835.58344782
350 21000.63195524
351 16898.59853125
352 16898.59853125
353 23932.48815473
354 26616.60566369
355 26616.60566369
356 23165.45226399
357 23055.4976929
358 28463.26356379
359 43577.61124377
360 41276.95973132
361 31935.80170913
362 37997.34045654
363 39576.16549999
364 42365.01355205
365 42244.68435503
366 29767.71391338
367 29767.71391338
368 32933.37536379
369 36969.89578548
370 36922.00616393
371 36853.81134283
372 32606.08795261
373 32830.59449846
374 32037.85567766
375 32158.18487468
376 36563.26382386
377 41347.69838058
378 44445.96533676
379 29503.88068476
380 29503.88068476
381 30607.67639428
382 34994.36572879
383 33893.53105732
384 33291.88507222
385 33263.91753323
386 30228.89897042
387 29968.37942916
388 30864.17671555
389 30980.2611582
390 33136.72269838
391 33325.21624882
392 32603.2410667
393 26886.0903846
394 25501.50564618
395 11854.10961572
396 14874.22070952
397 18236.73447895
398 17937.1370065
399 16501.07498415
400 17223.05016627
401 18426.03745976
402 26942.55567369
403 27337.54927228
404 28288.58520752
405 29598.21862896
406 29280.99777578
407 31119.15891666
408 28084.10626095
409 28084.10626095
410 28685.75224605
411 26920.55703246
412 28407.43400253
413 29103.62734628
414 29010.146805
415 26981.71613843
416 28382.77490667
417 37485.00754767
418 35918.05913036
419 37205.68480708
420 37205.68480708
421 38130.52917857
422 31246.85712019
423 21741.7250338
424 21741.7250338
425 24004.03075609
426 33591.53299156
427 42455.91979748
428 41493.28622132
429 37499.29178356
430 39888.65273109
431 38795.6200087
432 34364.20988614
433 36906.19099832
434 36664.51399351
435 34813.29278266
436 26845.6431996
437 16436.35505824
438 16436.35505824
439 18963.26819568
440 19342.34458397
441 20831.52025586
442 21535.37593906
443 21499.74606062
444 21418.90837944
445 20995.56412488
446 19682.09953371
447 19779.02812774
448 19544.42093098
449 16482.79359454
450 14798.18483624
451 12987.57402446
452 12987.57402446
453 10559.09943385
454 12229.87255069
455 12280.13067889
456 11801.61758031
457 10927.65796134
458 10223.87208296
459 10198.31215372
460 8957.63978732
461 8356.14614058
462 7626.55181541
463 9471.26003774
464 9730.24711112
465 14072.60039354
466 10612.2878984
467 10612.2878984
468 12313.78017785
469 12795.09696593
470 15381.90276389
471 18548.71356522
472 18247.96674185
473 17650.09485039
474 18122.86119439
475 14525.70613528
476 14164.71854422
477 14749.73816115
478 12559.63213221
479 12283.0216781
480 14587.92318915
481 10732.61709542
482 10732.61709542
483 11463.98739582
484 13324.78653099
485 12723.14054589
486 13199.35494264
487 14159.82919256
488 14398.96398818
489 13428.14558
490 16561.10247813
491 16199.44005614
492 16916.56522375
493 17879.19879992
494 17361.53796533
495 12334.66016986
496 12334.66016986
497 17311.698666
498 19223.06924153
499 21271.35218586
500 20549.37700373
501 28710.15163381
502 29203.95531838
503 32630.55351994
504 29495.22811516
505 30475.62444765
506 39172.06641002
507 39533.05400108
508 30017.19463946
509 17557.0813446
510 17557.0813446
511 25011.11067722
512 26026.37065421
513 26487.50387941
514 34595.02525031
515 35076.3420384
516 31425.62040796
517 38697.94677893
518 40041.0509866
519 39483.99890867
520 44894.72581761
521 34977.11636152
522 34977.11636152
523 27964.1601809
524 29632.28557184
525 33001.50308843
526 32855.9186389
527 36352.27984134
528 36355.72789409
529 35568.66602307
530 40448.42690111
531 41939.90127485
532 41122.71277262
533 43234.52332955
534 32152.0986676
535 32152.0986676
536 31494.66994289
537 28012.83147349
538 29954.46828985
539 46080.55970823
540 44192.94238499
541 46603.02736092
542 46700.33907193
543 40015.95764403
544 39898.34073349
545 39825.9316257
546 31952.56452977
547 31952.56452977
548 33475.83761222
549 34799.68045455
550 34823.05058987
551 34862.12852106
552 35030.31687197
553 36166.39830489
554 36005.10605949
555 35567.89978912
556 35379.40623868
557 36802.82540094
558 35236.64321758
559 36295.68404613
560 36295.68404613
561 38457.23000468
562 37266.08362544
563 37155.3628204
564 36342.31880006
565 36290.59800878
566 38406.76246204
567 38469.59364552
568 39114.06619798
569 39227.08570486
570 40287.30997724
571 38205.83546594
572 35675.34786293
573 35055.01167973
574 38948.24635373
575 39420.62958075
576 39534.79843854
577 39020.20253973
578 39009.09214753
579 39638.2400211
580 39626.36339496
581 40885.04225907
582 40796.9253554
583 36115.54926427
584 36115.54926427
585 30755.56749822
586 33328.58108517
587 39114.90223674
588 40861.14939715
589 42140.37696815
590 43313.86425475
591 44858.97500463
592 46092.6116559
593 46827.36020424
594 47432.30190374
595 44913.23800509
596 33813.57307938
597 33813.57307938
598 32328.43637265
599 42893.27000483
