0 2126.35700208
1 8751.69195782
2 8762.67100361
3 8745.416531
4 10097.89975516
5 10112.68930311
6 10098.72139671
7 8264.73581319
8 57060.38435398
9 100985.42340701
10 95037.97102669
11 112126.88286369
12 107736.03040525
13 103748.74681498
14 59259.32165269
15 50292.33656563
16 57510.45760744
17 73340.61458547
18 55399.20881861
19 66873.02228341
20 65004.93857545
21 67305.53492343
22 33190.2580544
23 12849.69977199
24 12849.69977199
25 35996.143548
26 40667.58659674
27 44126.28671348
28 51523.5256138
29 47608.81443524
30 49824.82252206
31 41180.31133511
32 12849.28895122
33 12849.28895122
34 17375.32185449
35 39477.47962622
36 19579.74532202
37 19821.28432934
38 23111.54792774
39 17243.85600621
40 17243.85600621
41 16671.68471159
42 21284.79121008
43 18029.03655691
44 17719.29810087
45 17452.26459619
46 28152.03049004
47 35388.63846679
48 33423.33310053
49 21878.85846218
50 15405.88467126
51 18539.62555384
52 17675.79191735
53 17675.79191735
54 26519.94159225
55 43645.39606896
56 54758.09807128
57 38003.51270874
58 54746.88345399
59 41351.20957828
60 60353.3137711
61 66511.96884928
62 66479.03171192
63 12140.48720864
64 12986.77800808
65 12606.194694
66 15692.28036651
67 19379.53970066
68 20079.57830369
69 22277.5919139
70 37710.07438035
71 68541.66078341
72 123734.29904787
73 106142.9534013
74 88798.92186215
75 23603.30792643
76 23603.30792643
77 25701.18594714
78 28489.83737752
79 23643.6118143
80 23725.3651488
81 22928.9085831
82 28889.36172954
83 29722.50626413
84 28873.29890048
85 28912.32687424
86 30950.92161381
87 31038.83725997
88 31579.88822252
89 27453.4206596
90 18427.68820152
91 18427.68820152
92 21300.14707029
93 31646.2575038
94 105698.48860344
95 77292.28601745
96 78654.27934764
97 79489.88880689
98 77445.42012012
99 81054.48064102
100 74952.27128432
101 57863.35944732
102 52457.45312089
103 22169.69137887
104 22169.69137887
105 19662.24545346
106 32241.9884484
107 41527.29840902
108 150504.49330924
109 152638.70724277
110 150209.93481254
111 148296.70163795
112 107330.06463351
113 105801.44134321
114 112489.19276265
115 117865.39753685
116 92948.70662583
117 18886.1845974
118 18886.1845974
119 37467.19749437
120 148354.40023115
121 138902.23580714
122 115521.7492779
123 103066.48497821
124 114699.0793566
125 89106.17744758
126 91811.41185096
127 102030.57866456
128 103574.50437054
129 77352.43175892
130 16135.61704289
131 16135.61704289
132 58126.43024296
133 136385.73404825
134 126279.15253678
135 132376.5545005
136 135669.79589127
137 118525.83407023
138 115662.84448871
139 79398.05127047
140 94066.91996049
141 106238.30710366
142 38410.05158566
143 19345.50263483
144 18887.00623895
145 108062.63971544
146 122835.69360755
147 119826.84224101
148 127198.17902303
149 124794.05583939
150 129223.58667898
151 127726.55576968
152 127740.19449286
153 133974.39977513
154 135694.79473047
155 31028.40346545
156 31028.40346545
157 20966.99183
158 115696.61342993
159 134801.42281685
160 137111.40681453
161 126570.97815376
162 151023.38035926
163 107782.8503573
164 107892.64081518
165 100379.57086529
166 112994.23362623
167 114604.28106782
168 107644.56629438
169 96391.34317713
170 19454.47145115
171 19454.47145115
172 23432.44902929
173 32021.06818125
174 31754.03467658
175 32649.62396918
176 34020.22412629
177 34524.71203974
178 37422.33302281
179 67187.11991644
180 126711.29180543
181 143645.73503049
182 47131.11756637
183 47131.11756637
184 20970.46134433
185 33276.1868814
186 37355.41005504
187 37839.35692967
188 109654.36276083
189 103880.68756893
190 116014.27920068
191 118762.67019497
192 103605.8484695
193 107132.33401435
194 101019.67045374
195 107080.50936835
196 19454.47145115
197 19454.47145115
198 21839.28605831
199 31346.58210392
200 80768.96733344
201 58079.80790037
202 16934.46385819
203 16934.46385819
204 23821.05253342
205 25576.48971109
206 28110.86349025
207 27464.23158815
208 28751.78472025
209 28345.48297237
210 26147.90059232
211 25685.72721884
212 26585.83553999
213 84709.62144908
214 16934.05303741
215 16934.05303741
216 16639.37208438
217 24712.41116193
218 28934.62037515
219 29522.50490621
220 30117.82503003
221 30033.60677087
222 30254.62834858
223 30370.47980754
224 29414.06863063
225 29456.79399138
226 29756.96111322
227 29756.96111322
228 18342.36706839
229 85188.65888379
230 133478.33950313
231 117927.54065307
232 116817.36004945
233 120105.98036474
234 98116.40789514
235 100801.53248986
236 82118.57481217
237 79682.40760796
238 85997.1337624
239 71654.55881582
240 14641.98187878
241 14641.98187878
242 16059.72437823
243 21164.9533481
244 43512.78194413
245 54569.16068131
246 54184.89407874
247 111231.87791405
248 114547.20157981
249 113182.04413974
250 126239.65333523
251 114633.55558041
252 99478.35672866
253 92470.16510361
254 52961.53103471
255 13799.62970112
256 13799.62970112
257 38973.04277862
258 93371.46506831
259 112180.79227004
260 118317.22220751
261 93806.03181221
262 84618.43596822
263 97532.29871073
264 74466.35539751
265 53090.75326179
266 100778.82898933
267 107522.16630292
268 12423.31887192
269 12423.31887192
270 16995.87656988
271 38780.05906065
272 88190.70630375
273 90437.48513002
274 70442.32507364
275 86855.02591264
276 86897.56495589
277 94738.90111554
278 48850.30465929
279 56266.03049456
280 70713.23964981
281 39681.48148168
282 17009.10447228
283 11965.64411759
284 20303.25177516
285 55030.87610435
286 120313.58404467
287 126290.28633767
288 107176.43889367
289 94725.44870986
290 92719.41085857
291 80746.67465368
292 63764.98703933
293 65758.98863177
294 66039.99004285
295 12423.31887192
296 12423.31887192
297 15647.85114609
298 24257.5242046
299 23420.27146224
300 22291.70597062
301 23274.80008861
302 26706.96012998
303 26104.28605096
304 26119.03478014
305 25508.55510637
306 21972.88863872
307 21869.77262384
308 14052.67489001
309 14052.67489001
310 14729.70752956
311 26461.35053385
312 40640.82963219
313 65513.31780747
314 92272.95072154
315 75958.39522933
316 91291.0482471
317 128642.64610349
318 102601.53872739
319 90908.77819814
320 69431.88964813
321 17009.10447228
322 17009.10447228
323 20427.01087581
324 24761.58088788
325 24425.11867199
326 24342.13287515
327 23491.69304917
328 23358.17629683
329 26670.37667149
330 27126.7985541
331 35813.99428302
332 86798.08509983
333 107446.75896456
334 106529.7661728
335 15632.79364308
336 15632.79364308
337 20238.15577499
338 26346.64989967
339 24642.50409089
340 25031.14054538
341 20684.90427646
342 20680.7960687
343 25888.56432456
344 21928.49958548
345 12714.94039502
346 12714.94039502
347 11507.55854249
348 18741.2907738
349 17931.52220469
350 18229.77808837
351 22007.00717256
352 22204.62999673
353 21735.88349083
354 21397.36717106
355 21464.33095761
356 23067.82567617
357 20911.01659993
358 15131.01582128
359 17206.72729645
360 17206.72729645
361 25695.51699975
362 30927.13327004
363 44236.90478469
364 67616.81985104
365 54858.78063913
366 51879.87837049
367 55866.07236415
368 60928.22638066
369 67706.35837091
370 68340.66564972
371 59952.93785742
372 16072.67826902
373 16083.65731481
374 19944.94138305
375 20313.03679872
376 29962.86724436
377 123210.32912051
378 116282.65836764
379 108209.0425612
380 88632.20010217
381 41821.04304779
382 41821.04304779
383 19510.18832164
384 32760.88328205
385 33327.40513274
386 31838.07777125
387 32838.01554107
388 28189.80559209
389 30509.40174273
390 30410.59033064
391 26936.93739085
392 26709.34268071
393 22091.81920063
394 15743.40574251
395 15743.40574251
396 21115.62739828
397 23122.48689112
398 29300.69545846
399 29183.61153718
400 21885.05389375
401 26603.96583506
402 27236.62983075
403 22826.6959321
404 22816.01459191
405 23412.64881561
406 16659.9877135
407 16670.96675928
408 16670.96675928
409 23973.24483209
410 27780.32096723
411 24924.56288457
412 97294.34003902
413 133167.02391905
414 126975.81195259
415 100545.65730121
416 119280.21512163
417 94121.96159407
418 23688.40316831
419 23688.40316831
420 13966.00031096
421 21222.32768498
422 22889.00716555
423 44450.5247955
424 40801.12220095
425 65705.0776679
426 103668.69643422
427 68391.5163625
428 94213.10257827
429 95425.84551028
430 16216.57857117
431 13928.61562031
432 13928.61562031
433 13919.57756323
434 18842.1545627
435 25630.96789314
436 17024.4793539
437 20551.37571952
438 23473.62553979
439 34617.9607419
440 108790.33782575
441 108955.02351257
442 96771.3117461
443 103384.68156262
444 40950.27833581
445 13626.58849571
446 13626.58849571
447 21269.08739957
448 28863.52027258
449 51315.69734582
450 51895.36546136
451 63206.55512686
452 124250.41429602
453 95983.0079043
454 95796.36412591
455 96613.897471
456 85316.40775684
457 15273.10865929
458 15273.10865929
459 20308.9905555
460 25559.28007823
461 29080.21822609
462 28588.87657748
463 24157.95000045
464 32803.42569467
465 25830.3605625
466 26066.99332972
467 18697.01146636
468 18697.01146636
469 18735.21779857
470 39449.62298753
471 75697.40927882
472 67238.60949221
473 82559.40993563
474 64253.23613808
475 54820.83193012
476 53247.38835641
477 71137.35988866
478 71280.0874839
479 89900.53917541
480 47358.9173611
481 20918.20382587
482 20918.20382587
483 37535.08259076
484 112764.33562424
485 143720.09194872
486 116692.25692882
487 105110.39759981
488 105373.24125917
489 89366.84216805
490 89377.82121384
491 96365.10179807
492 101019.70119498
493 91350.66421979
494 81729.65245667
495 52947.40599454
496 56902.37760919
497 26353.05327256
498 17791.65297178
499 33817.77146016
500 65073.59022655
501 56036.35478673
502 18773.80035888
503 17430.00559919
504 17894.96201232
505 22174.07121958
506 22174.07121958
507 18490.67254753
508 25882.57077776
509 27203.40039275
510 27520.96485293
511 28967.09480473
512 29501.98345563
513 51273.22640845
514 51339.10068317
515 56023.68999676
516 59837.52294882
517 56782.24883454
518 39915.55021881
519 19337.14711624
520 19337.14711624
521 25531.91360397
522 25520.93455818
523 24701.28588105
524 24614.19187644
525 29913.63439362
526 29677.41244717
527 26984.72980337
528 27148.23647238
529 25777.26631328
530 25371.78620695
531 25207.10052014
532 19829.21164405
533 35091.73676539
534 28493.95509599
535 20525.26449565
536 21834.44826318
537 21900.3225379
538 13725.3999078
539 13725.3999078
540 17570.29196376
541 18200.08021402
542 20115.40831128
543 20520.06677606
544 24388.00561427
545 25684.1451639
546 24814.82799159
547 26739.11250837
548 26728.13346258
549 27161.09774216
550 27639.7039467
551 30126.42251579
552 16464.57759574
553 16464.57759574
554 16753.79542235
555 22514.32434939
556 33083.55128329
557 40257.30368124
558 34559.67115176
559 31001.96322791
560 30969.02609055
561 35085.96313806
562 35329.57985848
563 40131.84759863
564 39902.60960538
565 35505.18401451
566 23309.49721736
567 23309.49721736
568 35687.52721108
569 35753.40148581
570 41206.75892842
571 40827.98217256
572 40280.27644002
573 36876.62630733
574 34383.33460581
575 34542.73306707
576 35376.69924321
577 37831.76420314
578 37886.65943207
579 36391.2309871
580 25868.15884589
581 25868.15884589
582 25401.87726465
583 27100.90953962
584 27465.71838908
585 37694.80612948
586 37694.80612948
587 39110.49452505
588 41687.16243479
589 39699.61151844
590 37569.0949719
591 37416.68046384
592 37071.18019087
593 34685.54394216
594 34696.52298795
595 29456.7515303
596 20231.77099565
597 20231.77099565
598 25079.33370115
599 28724.1356296
