0 13457.3502059
1 22860.12562244
2 22857.35400988
3 22857.35400988
4 22860.91751174
5 21581.81986362
6 21581.81986362
7 21581.81986362
8 21581.81986362
9 21581.81986362
10 15263.14488532
11 26196.85095796
12 25074.25120698
13 25363.29080235
14 29856.76379369
15 25816.14862829
16 26684.74833798
17 26684.74833798
18 42156.28558323
19 36319.57191028
20 31030.54325968
21 34893.47594154
22 33283.96093445
23 30651.02566889
24 29844.48641441
25 27086.43882925
26 29335.404448
27 30563.12905141
28 30803.86339933
29 31786.09303374
30 31786.09303374
31 34816.65339395
32 27852.29244949
33 27350.63057644
34 32190.75465743
35 22742.83553102
36 21577.57042256
37 28594.7915255
38 25875.68127137
39 28122.46764701
40 23365.18956787
41 24972.32890705
42 31689.72633927
43 31375.34628623
44 32247.81187267
45 31139.95873864
46 37670.85695489
47 36833.43401762
48 25545.26391241
49 26110.67287431
50 36910.93940932
51 35990.59380331
52 24240.74913972
53 23081.42320104
54 23081.42320104
55 18913.62242303
56 19389.15194911
57 32058.9693671
58 31948.10486477
59 31318.25668466
60 32386.51535357
61 32405.71712161
62 33089.11758956
63 25635.07596661
64 27729.22413166
65 19254.42481759
66 19254.42481759
67 20713.28443245
68 22584.63765909
69 20950.17813898
70 27996.89557088
71 27867.02572529
72 29864.26721074
73 29558.99388468
74 20617.48487205
75 23049.68429518
76 19292.47812045
77 27527.52211543
78 25535.52457529
79 23409.09108772
80 24550.99546175
81 23171.62405694
82 24856.7644924
83 14152.11085294
84 23972.11819154
85 23972.11819154
86 27935.1282053
87 21505.19278001
88 20919.5906409
89 22146.71811558
90 25898.09416574
91 27387.24199887
92 21135.57833147
93 21681.98195011
94 21931.62350514
95 22732.6195345
96 22632.8414824
97 23030.76585684
98 20996.39914394
99 21388.38434862
100 26908.54182049
101 27448.7093652
102 19094.97244954
103 19094.97244954
104 18577.47279044
105 14004.61444408
106 13079.78749884
107 13075.43210767
108 12973.17148478
109 14836.38725335
110 21917.85733989
111 20423.46556145
112 16954.99041702
113 16166.6646165
114 17019.92533982
115 17616.31464936
116 13611.33450257
117 13611.33450257
118 21654.05534717
119 23977.0626157
120 19392.12640994
121 17687.18874192
122 14664.45370497
123 15557.30889341
124 23113.70375624
125 22375.26698177
126 25545.34629136
127 24856.40259829
128 24550.73332757
129 31321.97304218
130 27623.05811076
131 27623.05811076
132 18529.50944716
133 22798.18873164
134 24941.43712854
135 21424.55697673
136 19798.01634964
137 29515.67663854
138 32450.02244851
139 29472.72128651
140 30801.51153591
141 24619.34079742
142 14866.82809396
143 14866.82809396
144 13207.02811617
145 23794.58808899
146 21045.54128069
147 21180.55840675
148 32476.05503555
149 34922.2010906
150 35842.54669661
151 30223.30949219
152 30163.91779451
153 31124.37666327
154 32593.33131919
155 32966.2052305
156 29466.45045863
157 16426.62121656
158 16426.62121656
159 25123.9414246
160 21993.21016272
161 22203.45677251
162 26233.7711868
163 25301.71747789
164 34458.52371592
165 29979.20187701
166 25130.07392406
167 26673.07022975
168 22561.39073718
169 20084.75694399
170 13237.38990624
171 13237.38990624
172 22139.41349895
173 27234.32951053
174 23180.25222699
175 26345.52424328
176 26111.12500977
177 17322.54729735
178 16749.61538708
179 20994.83108212
180 23290.51816972
181 27359.93443963
182 13236.99396159
183 13236.99396159
184 15270.5656901
185 26082.52342513
186 25951.06980093
187 30339.81388448
188 28315.7448276
189 23861.96296623
190 23206.67456851
191 28295.15261065
192 26370.86160587
193 28483.62226462
194 30836.5156166
195 30836.5156166
196 29819.72975234
197 36688.47780125
198 41456.04734623
199 26511.9238518
200 17950.03194512
201 34726.99870534
202 47146.68505389
203 46124.07882499
204 55329.78887008
205 54336.75968489
206 51364.90198808
207 50861.26039177
208 51065.78163755
209 48446.91014482
210 46795.02906005
211 32582.99175023
212 19044.85223674
213 19044.85223674
214 64716.65633143
215 45309.99114544
216 45992.69948403
217 31040.64162114
218 34707.48194072
219 35014.26380939
220 36008.87677318
221 35911.17820427
222 31320.59591837
223 31428.78856808
224 19375.0455519
225 19375.0455519
226 20753.72482735
227 21391.49190048
228 31456.00898908
229 36610.41645827
230 29586.35834616
231 20828.26527679
232 20259.29281303
233 18360.54488088
234 19076.36924111
235 22471.79104985
236 21152.89941673
237 18266.16672484
238 16889.46717265
239 16889.46717265
240 9311.38892377
241 9455.11683215
242 10273.20181527
243 15542.23061835
244 16294.92140026
245 18506.86464659
246 19915.63571553
247 22082.04532697
248 22122.43168139
249 21838.53936649
250 20867.28713712
251 20662.76589134
252 17931.44302258
253 21342.99261191
254 21342.99261191
255 23433.18442554
256 20192.67983044
257 20937.05577468
258 20918.44637607
259 20713.92513029
260 20316.00075585
261 21171.14144248
262 21111.7497448
263 19023.04504493
264 18475.84953698
265 17043.02560426
266 17280.08954744
267 14233.39521647
268 14233.39521647
269 14816.62168767
270 20612.75567651
271 22669.29219479
272 22574.85784794
273 22472.70412793
274 14330.30808625
275 13950.59716576
276 20348.86011403
277 23197.70712273
278 20866.87762602
279 16884.0703797
280 16884.0703797
281 29708.2126419
282 24577.86422667
283 25288.98082021
284 19517.99395935
285 18178.90914903
286 0.0
287 0.0
288 0.0
289 19562.8885606
290 18236.86992376
291 18236.86992376
292 20162.14924263
293 20290.43530961
294 19714.03965742
295 19650.68851323
296 20355.37023241
297 20143.53984402
298 21057.28033903
299 19050.53618196
300 18895.82158328
301 18637.26972605
302 20933.8453678
303 20933.8453678
304 20290.43530961
305 22178.59559121
306 21715.73629396
307 22139.69325545
308 20880.78878454
309 21138.54875246
310 20046.73292435
311 19394.21613919
312 19807.08665045
313 21066.58658588
314 19779.76646951
315 19779.76646951
316 19413.71718703
317 20400.01531315
318 19869.44948055
319 18644.39672977
320 18672.11285535
321 18654.29534605
322 18446.82034883
323 18549.37001348
324 18553.32946
325 18499.87693209
326 18997.97530328
327 18578.66991767
328 18578.66991767
329 18485.91910936
330 18992.72826288
331 18632.91433489
332 18917.99448374
333 19500.03312099
334 19149.62210469
335 19800.55511124
336 19044.69677212
337 19086.2709605
338 18923.14176421
339 19297.70540423
340 19053.8034991
341 19556.45368624
342 19556.45368624
343 19805.50287184
344 20644.11364306
345 20600.95567608
346 19310.77157772
347 19582.78555309
348 18728.73294047
349 18954.025447
350 19226.83131167
351 19102.90063585
352 19930.3251969
353 19453.60783687
354 19453.60783687
355 18238.05775771
356 21413.43410032
357 20874.55343005
358 20459.70319554
359 19927.94952899
360 19822.62825178
361 20399.12366391
362 19543.58703262
363 19621.19218426
364 21197.34808071
365 21000.95953372
366 20385.16584118
367 20848.02513842
368 20848.02513842
369 20314.68769327
370 20144.82743791
371 19579.12229129
372 19822.62825178
373 19776.69867224
374 19394.21613919
375 18830.09477118
376 20261.83062988
377 19808.47400427
378 18926.70526607
379 20249.85253041
380 20555.52180113
381 18966.99186056
382 18966.99186056
383 19832.13092341
384 20848.42108308
385 21186.55781519
386 21292.96716643
387 21218.23338729
388 22675.01042386
389 22675.01042386
390 22806.46404806
391 29334.49708199
392 30898.47845419
393 31827.36460588
394 32125.90687288
395 31575.04810314
396 33154.07537209
397 33254.44579362
398 31792.41862156
399 27993.72873312
400 25979.16234787
401 25979.16234787
402 25774.64110209
403 28690.7734581
404 27869.98019619
405 24778.44745478
406 23987.05385699
407 24253.12866259
408 25169.14506557
409 24862.68390555
410 24045.15796078
411 22943.83946104
412 22966.40830615
413 22966.40830615
414 22920.77491133
415 23830.25977512
416 23519.14703922
417 23559.53339364
418 25191.41772597
419 24134.64145195
420 24001.2081045
421 24689.75585292
422 25026.20904649
423 25523.51552839
424 25231.70432046
425 24192.28627733
426 23592.72631549
427 23592.72631549
428 24479.2463895
429 23105.61772968
430 23041.87064084
431 22438.84693707
432 23029.9923013
433 22796.88066168
