0 9728.15105028
1 20889.59664185
2 19849.26283573
3 19849.26283573
4 19849.26283573
5 19850.05701306
6 19850.05701306
7 19849.65992439
8 22661.4447514
9 22832.39808999
10 22901.0944288
11 23829.47438648
12 23561.04244989
13 21775.53994289
14 23023.19252394
15 23849.31548184
16 23784.59002967
17 23985.91398212
18 23431.18111906
19 23431.18111906
20 27205.68740423
21 26907.87090653
22 26994.83332386
23 25795.2284711
24 23872.15474891
25 23986.91337269
26 23501.67102576
27 21847.39965317
28 20328.15176404
29 20667.06026951
30 20667.06026951
31 20490.35581421
32 24371.85748749
33 27342.08069127
34 27479.06294238
35 26601.49699581
36 24768.56240026
37 26270.74881468
38 26607.67187684
39 25813.89163829
40 25920.10618689
41 25726.71066988
42 25611.9520461
43 25611.9520461
44 23802.84277036
45 25196.62397963
46 26917.59290987
47 27518.38805791
48 28850.03156023
49 30570.21965098
50 31866.50892441
51 30208.66375385
52 25402.34258303
53 23318.81836508
54 23045.22427586
55 20489.56163688
56 20489.56163688
57 34208.07408456
58 38193.65300119
59 33231.49453665
60 31526.79290378
61 26438.12835531
62 24542.82416391
63 22480.56419621
64 24112.9956923
65 27169.96276234
66 25040.77334807
67 25558.78217867
68 22075.12333284
69 22075.12333284
70 16003.11539134
71 19066.25734241
72 28187.05869177
73 29396.98784978
74 31907.75279411
75 32322.71044758
76 34003.18967197
77 33588.2320185
78 34455.07657115
79 33123.24119341
80 32712.45963983
81 29007.62240837
82 29007.62240837
83 26908.03610629
84 28772.76447059
85 26889.98857884
86 28187.67433151
87 24353.2703063
88 24993.56910745
89 24770.00818984
90 23009.53560648
91 23109.99903837
92 23622.03820118
93 24532.34395576
94 24532.34395576
95 23250.54174963
96 23142.54697096
97 23115.14785317
98 27152.71870907
99 28608.44574986
100 28079.9207386
101 29065.09771301
102 23529.51654256
103 23655.39364892
104 22048.59437838
105 19407.16058806
106 19407.16058806
107 20463.0193446
108 19981.17225805
109 20954.03948389
110 21032.0740752
111 20598.45325454
112 20486.28237599
113 19750.87417099
114 19773.50822481
115 19296.20765116
116 20730.87565494
117 19870.78160957
118 17486.26418461
119 17486.26418461
120 17615.71508894
121 20186.45375931
122 20627.61926457
123 20956.21680262
124 22458.00612839
125 21053.50352521
126 21686.85994366
127 22567.19217305
128 22816.96094246
129 22176.0598394
130 19407.55767673
131 19407.55767673
132 21757.52838796
133 21048.34137258
134 19994.86514803
135 22379.76632383
136 23054.4199633
137 20087.97577073
138 19223.91083872
139 19534.43417366
140 19731.78723948
141 18414.45226687
142 19407.16058806
143 19418.27907064
144 19418.27907064
145 18440.66011867
146 21290.16836872
147 22403.78351906
148 22295.3783139
149 21703.12724104
150 22507.23178485
151 21775.60259106
152 20922.25905297
153 22622.79792378
154 22784.01592121
155 19201.29012273
156 17486.26418461
157 17486.26418461
158 18607.24548197
159 19109.16555277
160 19022.99731277
161 20097.51923649
162 22060.52037612
163 20592.48358676
164 18569.72727217
165 17997.52250791
166 18160.52073541
167 18665.22042686
168 19739.92088817
169 19407.55767673
170 19407.55767673
171 18858.9996947
172 20774.15831927
173 19545.36078083
174 20613.52928593
175 20766.01133276
176 19254.2947904
177 18586.59687146
178 18324.12126482
179 18069.79264469
180 16985.94580629
181 16206.46075963
182 16206.46075963
183 20541.25914915
184 21559.39448264
185 24660.84882084
186 23159.8536724
187 23995.93052254
188 25300.36678249
189 22362.11588504
190 20491.82827945
191 18141.07672872
192 17710.42740413
193 16846.75956078
194 16846.75956078
195 19727.82969067
196 20774.55540794
197 21630.87044209
198 21630.47335343
199 19343.83161513
200 18414.93715841
201 17285.21991045
202 17285.21991045
203 20691.73305265
204 21332.03185381
205 22674.58862546
206 21883.39613214
207 21491.0725325
208 18741.05499943
209 18994.79465547
210 18345.17093964
211 17519.623608
212 17279.35981182
213 18456.1253975
214 17409.7967689
215 15979.48340258
216 15979.48340258
217 15325.08128496
218 11618.50383691
219 12009.63617057
220 11794.22223948
221 11417.38509771
222 12034.06379229
223 13595.77846748
224 12983.4677482
225 12269.10524237
226 11771.95023553
227 14973.48425478
228 10482.61668262
229 10482.61668262
230 10638.67252742
231 14854.33098004
232 16494.7042494
233 19096.00540904
234 19456.40110331
235 17594.84944832
236 19899.55205189
237 18497.03489203
238 21961.4015931
239 21349.48796248
240 20880.52625076
241 21302.23441152
242 18817.66398115
243 18817.66398115
244 19321.17240661
245 22666.02875776
246 22425.76496158
247 23146.08379736
248 21222.20256001
249 20870.77909272
250 20517.76727077
251 20713.13489327
252 23416.29596403
253 23032.70831499
254 23135.55427886
255 20847.92648782
256 20847.92648782
257 22501.40368308
258 23499.87645881
259 24550.97015138
260 25391.89343801
261 26815.64817246
262 26997.91186906
263 31589.40807287
264 31961.87723933
265 34611.62321592
266 34779.59172063
267 33060.00593179
268 31034.63519632
269 31034.63519632
270 33216.24031418
271 34746.03105964
272 33955.58834268
273 33955.58834268
274 41395.85197052
275 41954.95280888
276 38972.43319435
277 37222.06636517
278 39758.65541047
279 41832.25241183
280 35072.00978933
281 29012.43678268
282 25810.94277692
283 30045.89337429
284 33851.75632606
285 33604.37008863
286 33549.76372847
287 33549.76372847
288 34164.8540684
289 36165.5919689
290 37108.67754497
291 39426.26552337
292 39372.65855378
293 27541.66038616
294 27541.66038616
295 28768.82955647
296 31577.43767417
297 24619.73013741
298 23284.3209617
299 24683.26432359
300 24350.50402348
301 25285.44261303
302 26080.01702891
303 31228.61528993
304 31269.51542228
305 31243.70465915
306 33804.89986376
307 29012.03969402
308 29612.69918447
309 29612.69918447
310 25425.26070263
311 28223.14742641
312 30469.45132078
313 30748.20756263
314 27031.68956017
315 26219.64324309
316 25915.08957593
317 25758.23955381
318 24635.66990179
319 23914.95397734
320 18322.01350175
321 17046.16762557
322 17046.16762557
323 14848.11667275
324 14732.16678297
325 14873.53034722
326 15406.02624512
327 14444.97106039
328 16137.54148227
329 14564.67328572
330 21358.84698222
331 22746.67186152
332 28493.6827386
333 28264.95966836
334 20588.28976157
335 16486.36386651
336 16486.36386651
337 23654.01945787
338 24875.46418712
339 48859.55277987
340 67729.20607449
341 67939.71641752
342 63828.86708391
343 63618.01300354
344 67236.46344392
345 41295.11149042
346 41295.11149042
347 17894.27945538
348 27082.73259366
349 26820.65407568
350 26149.19048335
351 17813.5052569
352 24255.03754446
353 26009.37526027
354 25604.15294798
355 26685.3400308
356 27180.90668298
357 22964.86447953
358 22964.86447953
359 14260.28388459
360 17286.85366512
361 17286.85366512
362 18769.97982369
363 23300.77481328
364 23748.69082583
365 24200.97481368
366 24434.46294788
367 26741.12431912
368 27035.76410752
369 49052.5636123
370 58651.38787768
371 64144.71245003
372 64893.62166959
373 16006.65315148
374 16006.65315148
375 16006.65315148
376 24163.25139064
377 25327.11826367
378 25008.65315546
379 41869.83198956
380 70854.51147442
381 62637.15866973
382 76295.804094
383 73494.34357225
384 39500.39059598
385 17287.64784245
386 16647.34904129
387 24813.87449704
388 25856.62932768
389 25652.12866592
390 25700.57348288
391 25704.94145818
392 30087.417163
393 62125.72180883
394 72096.61815201
395 65750.7442189
396 25420.42076179
397 25420.42076179
398 20636.07799157
399 48401.31152833
400 65637.97103844
401 60070.78797466
402 67386.16054889
403 69898.14343487
404 71714.61885762
405 70764.38568561
406 74594.47104586
407 69967.19684885
408 60832.21215605
409 18375.88933181
410 18375.88933181
411 19550.66947417
412 24435.25712521
413 22518.9339103
414 21955.06800797
415 19021.96592532
416 14599.58947873
417 23070.84713923
418 24362.17947328
419 25127.76641671
420 24766.81282149
421 19134.73910579
422 14085.75674802
423 14085.75674802
424 25941.57962603
425 29042.84208881
426 27136.43275266
427 27541.8602782
428 26936.50527944
429 39656.84352944
430 79692.51386033
431 82432.42563922
432 80225.00975823
433 57643.17976079
434 16647.74612996
435 16647.74612996
436 24814.86054979
437 48990.41256753
438 75304.30037663
439 126090.35209737
440 149867.81606093
441 164575.18598362
442 153404.08248577
443 155022.21878997
444 154946.37485522
445 101310.41779578
446 17287.64784245
447 17287.64784245
448 23935.3091599
449 25643.9816794
450 23840.41830713
451 24295.48191562
452 22974.16271855
453 24118.57224707
454 23344.45456628
455 23535.45421347
456 23782.8404509
457 19969.58467645
458 19969.58467645
459 17288.04493111
460 22977.35276569
461 23934.33644498
462 60775.82556581
463 147121.96128991
464 141439.60917586
465 151601.10807758
466 156705.09388417
467 144587.93331419
468 145302.29582002
469 72142.66709916
470 72142.66709916
471 17287.64784245
472 28489.91613148
473 65967.93838007
474 72658.70382426
475 76939.71670662
476 83598.27795557
477 83439.44249013
478 84567.17429478
479 87191.13618389
480 84456.98885954
481 45152.15354511
482 45152.15354511
483 17977.7879398
484 24235.91861608
485 24353.45686051
486 25540.73862686
487 25917.17867996
488 25143.45808784
489 49076.38893212
490 97754.88590184
491 136050.91079746
492 137973.42223123
493 16646.55486397
494 16646.55486397
495 19800.23303034
496 25997.59580326
497 25854.2467957
498 26179.06532253
499 26100.44176713
500 25516.13246755
501 25239.36166901
502 26786.4057646
503 26603.34789068
504 24301.64345882
505 21157.09833171
506 13445.85503553
507 13445.85503553
508 20432.6300717
509 17651.80482263
510 16570.61773981
511 15022.36904041
512 19883.91221112
513 22883.12288735
514 13653.20732829
515 19169.96013179
516 25549.75180106
517 28635.13071729
518 29630.65867261
519 29630.65867261
520 14284.77017884
521 14284.77017884
522 12122.3960132
523 28159.93293201
524 88107.21721082
525 84124.27939074
526 77977.3468781
527 29405.87197213
528 31915.07523747
529 26156.8925265
530 25676.36493413
531 31949.5716418
532 41005.16527754
533 29281.91666186
534 41125.88023128
535 24392.1668582
536 24392.1668582
537 18639.51671286
538 33428.28981159
539 37177.40909795
540 33508.70693489
541 36278.59223896
542 39671.71486949
543 38269.40292287
544 37584.82206682
545 38699.44994556
546 34948.55042913
547 36351.06758899
548 15483.66122775
549 15483.66122775
550 19381.48354973
551 22277.84826208
552 21890.2897264
553 23472.29096221
554 38012.88364618
555 42377.68223656
556 42924.47332634
557 48463.463095
558 48847.8582592
559 47394.11666174
560 41312.89565401
561 14844.15660393
562 14844.15660393
563 18995.71858194
564 32633.72873354
565 43104.35449096
566 43597.53861116
567 53167.77249276
568 49723.82251329
569 47731.83390122
570 45198.40822741
571 28060.86902127
572 35890.26620161
573 22699.98018715
574 15202.15204091
575 15202.15204091
576 16043.07532755
577 7494.22017789
578 8669.99971083
579 16314.2868848
580 18140.89473739
581 15918.18427393
582 16142.93645753
583 12202.25523555
584 11859.96480752
585 11859.96480752
586 13780.86121098
587 22747.5203239
588 22112.75408838
589 15684.6828019
590 15684.6828019
591 12942.22329127
592 13396.09563377
593 17754.11704121
594 22850.35294994
595 23080.02205944
596 24419.00503313
597 25315.04227147
598 25302.7325229
599 25156.4253571
