0 7674.49781131
1 23126.63383661
2 22775.09870269
3 22774.6918369
4 23400.13186406
5 23413.96530109
6 24649.79132102
7 24649.79132102
8 24651.0119184
9 33258.11284346
10 34368.85646329
11 31298.70483927
12 31487.49056806
13 23295.36311678
14 22981.26272319
15 28543.06047464
16 35363.49836744
17 26490.10297456
18 22150.47240711
19 22150.47240711
20 27616.48209569
21 30104.46643096
22 28941.14982305
23 27069.56716692
24 31887.96344763
25 31710.97682688
26 29046.06353449
27 28169.26774667
28 17589.99940339
29 18939.16637898
30 34053.88467449
31 29025.43031642
32 29025.43031642
33 30125.8276903
34 32830.26462841
35 36329.7469665
36 32106.36307889
37 34001.95081692
38 36013.7572081
39 35660.5976982
40 43654.00004052
41 38695.17739699
42 30275.08977338
43 30275.08977338
44 18276.23703507
45 24246.58570813
46 49793.16999173
47 47156.65648732
48 48353.65565565
49 40649.85445869
50 41314.26630162
51 25282.53016822
52 24595.33384079
53 43654.38375228
54 39743.18286676
55 24916.35256312
56 26389.32367781
57 26389.32367781
58 27443.92907957
59 32778.75338113
60 40587.87515533
61 41021.1872268
62 30733.90356003
63 30781.91372382
64 35617.572969
65 37483.459504
66 38408.44005669
67 39076.51369177
68 38002.88215981
69 37102.89502169
70 28068.14850936
71 28068.14850936
72 31736.45051537
73 31866.06610283
74 31386.77819654
75 31562.5457635
76 25256.88040167
77 24646.17484366
78 28606.72342782
79 28049.31728893
80 30000.41337613
81 29866.14766385
82 26892.42323319
83 20194.56888209
84 20194.56888209
85 20290.58920967
86 23048.05440365
87 24169.78339994
88 23108.99697233
89 22601.6353262
90 31095.68683415
91 17821.42676658
92 17294.12869651
93 17545.83365933
94 17633.71744281
95 16027.4112849
96 16027.4112849
97 21139.76729724
98 22212.29516929
99 25142.13575772
100 26956.03077153
101 24183.4726446
102 24886.54291245
103 19855.24049382
104 19855.24049382
105 22112.76418813
106 25950.32236479
107 31379.68610514
108 29820.98324522
109 28570.24815505
110 26966.7900577
111 20066.19960331
112 19444.10180304
113 14854.56833703
114 14854.56833703
115 13979.45767601
116 18214.9306
117 16388.89838966
118 15037.37751984
119 16693.32130472
120 28190.0720153
121 27620.86676836
122 27269.33163444
123 19172.46844276
124 19485.75510477
125 21251.8722195
126 16552.97915523
127 11769.6029698
128 11769.6029698
129 17233.40372832
130 27311.87794181
131 27399.76172529
132 25876.04932372
133 12690.54366304
134 10744.09770067
135 21147.91958584
136 21273.23425064
137 19842.75177971
138 19680.81919337
139 19680.81919337
140 16124.37564401
141 18671.7047217
142 22052.75947658
143 21348.88165155
144 21918.49376429
145 24379.23970174
146 33119.56195302
147 35223.05811219
148 33308.57994652
149 32153.89482085
150 31649.61349999
151 28983.27698243
152 28983.27698243
153 29338.87768709
154 34100.02121797
155 31429.55676861
156 32198.9399866
157 35560.00065392
158 34118.4751429
159 27002.33311781
160 31049.74835427
161 28693.99540232
162 28693.99540232
163 31602.41706779
164 32611.03737313
165 37111.67146809
166 37935.57470258
167 27596.38681516
168 27226.13894188
169 25698.90971232
170 24865.24169876
171 19121.28339847
172 19335.29480654
173 31415.66566797
174 26818.08218661
175 26818.08218661
176 35807.92849735
177 39452.63228726
178 33488.00776203
179 31442.28654572
180 25659.99556018
181 35363.16490977
182 35456.33717678
183 24801.885962
184 25945.58571122
185 24275.79382509
186 22860.86116513
187 22860.86116513
188 19524.6193113
189 26660.63848649
190 28254.01223951
191 29506.34515594
192 30434.52297137
193 28660.588106
194 29100.0070234
195 30007.08548112
196 30848.07707899
197 36427.45736016
198 33681.11324519
199 32189.28133978
200 20661.26502922
201 20325.19388271
202 20676.72901663
203 37577.0363214
204 25304.77137922
205 29081.70655245
206 37046.62828913
207 33682.71956125
208 33442.26187652
209 38214.82728658
210 47454.50705535
211 59513.77855907
212 59513.77855907
213 58179.66561788
214 58179.66561788
215 30763.74207583
216 30763.74207583
217 31491.62498275
218 29416.86972061
219 29401.00195462
220 35594.77922287
221 34979.59273851
222 34615.44785215
223 49200.01679656
224 88489.76834044
225 97554.73824883
226 93351.43574933
227 62140.44106414
228 24524.0708707
229 24524.0708707
230 24242.43244015
231 25033.38649147
232 25681.11683681
233 16547.79186466
234 16423.69779725
235 26331.462978
236 26050.7832432
237 26685.08701731
238 30644.41500409
239 30453.91451157
240 29662.96046025
241 24771.76483919
242 30349.89488605
243 31919.00165555
244 34336.19134252
245 36686.24817335
246 40298.80956547
247 40412.6743244
248 40236.90675744
249 43464.97997347
250 38670.47344742
251 38028.43922321
252 26580.01985189
253 23865.81813471
254 18097.15795841
255 18097.15795841
256 20705.57456895
257 21278.3543075
258 21366.23809098
259 21218.13894167
260 22121.06144089
261 19928.05480686
262 17584.47819183
263 18028.36877397
264 20551.66313284
265 19218.36855405
266 15351.51604017
267 15351.51604017
268 15009.34190673
269 18418.06353566
270 18483.56892862
271 20480.00172014
272 20623.21847992
273 20340.35945198
274 20479.10068801
275 20325.71228336
276 20117.39699642
277 20903.95587833
278 21191.20312947
279 21408.14989865
280 18087.3112814
281 18087.3112814
282 19195.11954013
283 18667.81683925
284 21002.41276987
285 21555.83755136
286 20790.11612552
287 19335.48360853
288 17420.77317815
289 16948.40199038
290 17244.1934232
291 18111.63129774
292 17760.09616382
293 18697.51495506
294 16447.45980922
295 16447.45980922
296 18459.76036673
297 21575.53862339
298 20826.32409406
299 20513.44429785
300 23567.64085533
301 24270.71112317
302 23745.85424787
303 20307.98324588
304 20117.57005391
305 16385.85464752
306 17739.17758161
307 15411.81793474
308 15411.81793474
309 15148.1665843
310 16652.75629351
311 20976.95559769
312 17517.98523799
313 16506.51687209
314 14385.99001315
315 13662.17576418
316 16566.18117976
317 15950.9946954
318 17346.5443716
319 19566.57874918
320 21608.84241135
321 21608.84241135
322 20784.12544526
323 19712.64356951
324 23219.01298919
325 23131.12920571
326 19895.50014067
327 22179.23784694
328 20769.50553154
329 19698.6347596
330 22150.75724131
331 17578.80630502
332 20683.83144993
333 20927.95092681
334 20927.95092681
335 24039.57322498
336 15694.75577341
337 15694.75577341
338 17513.53317676
339 19852.60463113
340 21009.49868686
341 21345.16296758
342 23502.27811113
343 23590.16189461
344 27934.2679858
345 24382.01003185
346 22676.8354858
347 22052.84832072
348 18909.02596114
349 18909.02596114
350 19436.32866203
351 21585.80065601
352 18100.47132019
353 19976.7914017
354 21036.76409772
355 21134.41188848
356 16517.50147675
357 16605.38526023
358 17647.892364
359 17647.892364
360 19719.65299118
361 29031.44547285
362 36613.79642495
363 27463.55930074
364 30966.67379406
365 31230.3251445
366 32894.14434364
367 27066.19869877
368 34026.8587164
369 33322.57402558
370 28485.43389162
371 28065.54839137
372 21111.63049117
373 18537.39060741
374 18537.39060741
375 17658.5527726
376 24578.32358296
377 25498.65401083
378 22333.29579082
379 21254.28770298
380 21823.40564937
381 21571.14885659
382 18360.30896811
383 18623.96031855
384 18969.79624414
385 18798.73800923
386 20573.48660619
387 23125.61077288
388 17921.39039145
389 17921.39039145
390 21144.11668853
391 23515.73740648
392 20769.85782092
393 20598.48851058
394 21264.12095089
395 19692.22378445
396 18744.86561304
397 22678.4737542
398 19035.80429325
399 15763.75993446
400 15763.75993446
401 17758.21606062
402 23326.3490637
403 24701.14858436
404 22568.12582326
405 23526.70163583
406 24722.45056986
407 24060.0730559
408 27435.22906187
409 27807.10671373
410 21198.15334391
411 21198.15334391
412 21584.67584898
413 24025.78331731
414 26865.70656509
415 29312.91702033
416 24559.50393955
417 23984.0211046
418 20832.438658
419 20326.21030871
420 19479.9294555
421 19560.89574867
422 21182.02367628
423 19152.57709177
424 19152.57709177
425 19647.55816297
426 20796.54716751
427 21850.09731136
428 22988.91467104
429 24535.993024
430 23729.99188448
431 22260.53759778
432 21764.16132812
433 22787.74836732
434 22985.89200939
435 18820.40000211
436 18820.40000211
437 21752.39185699
438 25814.94681818
439 26003.87751113
440 28073.19694354
441 29272.72460719
442 26864.4859677
443 23489.76646445
444 23882.79882224
445 19675.86416751
446 17821.68249381
447 10860.81823817
448 10860.81823817
449 12060.66546707
450 19826.48486593
451 19165.32794936
452 20723.30437823
453 20215.12900052
454 19863.59386659
455 22728.59782949
456 25175.89558528
457 27525.63285085
458 28814.99055461
459 31200.79391176
460 30756.90332962
461 22589.53702821
462 19260.15422927
463 30301.91204379
464 31396.38103183
465 26705.82791123
466 29342.34141564
467 29595.00507422
468 29055.99519664
469 27855.74110195
470 27874.36962797
471 28855.32305926
472 27533.32879137
473 27693.22704873
474 27294.00440348
475 23770.95348621
476 23770.95348621
477 26481.34844708
478 29842.87364381
479 28290.50603551
480 26827.00977158
481 25483.68388128
482 27422.80625935
483 28809.98635494
484 28502.80267986
485 29397.1809974
486 30841.55456898
487 33719.17137151
488 31801.61288057
489 31271.75828849
490 31271.75828849
491 34409.50729807
492 31806.2630054
493 33370.66198645
494 33701.67614234
495 32576.69221968
496 33674.00926829
497 34987.37205394
498 35003.06521885
499 33701.90840704
500 34811.43142949
501 27114.11205855
502 27114.11205855
503 26272.30672909
504 27216.78720301
505 27291.24364346
506 28977.78966349
507 29739.84929717
508 32122.45539159
509 33558.28478147
510 34577.16403222
511 33484.72937316
512 33766.77466951
513 29944.67739305
514 28545.20402307
515 24395.98664759
516 24395.98664759
517 35891.5744244
518 37116.24046678
519 32168.37356278
520 31881.53317744
521 32499.15545396
522 32073.1669668
523 32065.17461506
524 31896.32531022
525 30654.80316916
526 30955.47699153
527 25617.89192995
528 25617.89192995
529 26942.90885948
530 30703.16253512
531 32577.76785291
532 32603.80726377
533 32606.65532434
534 32839.78942476
535 32452.4531881
536 33037.93306684
537 33842.80090952
538 33642.21607267
539 33189.37444305
540 32679.97846795
541 23770.95348621
542 23770.95348621
543 25439.51011073
544 36632.99922979
545 38438.66962716
546 37456.23369685
547 35264.854526
548 31431.36500729
549 31588.41520409
550 28508.26653628
551 27657.91702513
552 30023.60935725
553 27189.78909639
554 26271.8998633
555 26271.8998633
556 30298.01150404
557 32424.69901351
558 32605.1151617
559 30331.5491003
560 33388.73868251
561 30838.09701484
562 31322.67417646
563 31768.59908757
564 33290.36446071
565 33609.34724384
566 31135.57357446
567 26788.21255691
568 26788.21255691
569 32838.3661996
570 36183.61676453
571 29000.83604964
572 29913.0291616
573 30764.77387123
574 31374.25883186
575 30988.78232308
576 30604.70101278
577 33138.42891815
578 30488.91886235
579 32245.85266488
580 24396.39351338
581 24396.39351338
582 25301.26304104
583 30492.5806545
584 31227.38027993
585 32589.74156204
586 33814.00073863
587 35959.08450942
588 36373.68075433
589 33525.27098848
590 32703.80894875
591 32615.92516527
592 31952.55931864
593 33109.71527601
594 29309.18188668
595 29309.18188668
596 26808.2355096
597 29434.14734931
598 34133.38961575
599 32022.16300648
