0 12672.57054357
1 21641.00602767
2 21629.75957051
3 20393.01589488
4 20396.63082754
5 19157.07553762
6 19157.07553762
7 23961.72269627
8 32258.28159124
9 28783.52799071
10 25695.57218435
11 27749.65725117
12 27886.9896439
13 26241.79362636
14 29913.43032341
15 32631.05636215
16 33330.27490506
17 21007.11773898
18 21007.11773898
19 19854.35588099
20 36978.39701576
21 36495.60267662
22 28970.59602587
23 26512.44181998
24 29359.90891971
25 29074.3292399
26 15864.53501385
27 16644.15548994
28 22390.65032226
29 23931.41495197
30 22558.98056853
31 22558.98056853
32 21012.19105107
33 26115.89099628
34 26247.63520862
35 25227.60418683
36 25749.35946681
37 29903.82555118
38 29943.99146958
39 27172.62126111
40 29375.72188519
41 34645.59552345
42 35360.54887091
43 32759.40399552
44 24101.23862586
45 24101.23862586
46 31713.15191766
47 31902.33339331
48 34035.03045107
49 34062.34327558
50 32459.28642417
51 31955.60580747
52 29782.594574
53 36753.71321006
54 31516.47911027
55 31516.47911027
56 32655.98621519
57 35412.1715356
58 22331.75467953
59 18996.59768475
60 18588.91361302
61 34713.17386159
62 34154.86759587
63 21121.84652351
64 20942.70652746
65 27647.22860993
66 28583.49616776
67 35836.50139004
68 35836.50139004
69 27564.15525522
70 28545.0837831
71 35381.32309427
72 35388.00304309
73 36417.45553161
74 26709.03762135
75 23132.66424728
76 30543.48648066
77 30718.60988487
78 19870.43146781
79 20587.3931112
80 36407.04744101
81 35466.76329134
82 33897.27764674
83 25739.65778123
84 25739.65778123
85 29138.49779599
86 28211.03169201
87 29265.38704993
88 15973.91581678
89 15599.56945732
90 24196.89292015
91 24554.77125307
92 24947.14266422
93 24489.03284081
94 25469.11629789
95 15625.73283726
96 15625.73283726
97 17864.58112871
98 21100.86888192
99 25407.56379702
100 26753.92538169
101 24095.45645211
102 22607.71083468
103 9639.27873001
104 9054.46295815
105 9054.46295815
106 9937.29863324
107 23778.21264642
108 24228.10598066
109 25568.84433675
110 35472.98347873
111 32229.58556817
112 20048.77207507
113 20974.19483494
114 19041.37579348
115 12408.77768858
116 12408.77768858
117 20193.03781849
118 25366.40810803
119 23796.92246343
120 23508.45300841
121 20383.54455712
122 21437.97001142
123 21348.80167258
124 15782.65181386
125 15488.3732555
126 15710.89244342
127 17656.78293244
128 17656.78293244
129 13061.88002875
130 20352.395877
131 21678.52624516
132 20833.43532209
133 21273.86821183
134 18801.98749729
135 17947.25675381
136 28947.37555153
137 27520.28047088
138 27553.21652397
139 27147.94240734
140 31778.37462472
141 24996.19862583
142 26773.17390391
143 22840.64204277
144 23036.82774835
145 19769.33028675
146 32256.20807803
147 34991.50712087
148 30374.36470475
149 31231.50540335
150 25887.32481605
151 25339.06002994
152 31778.05034361
153 32042.74374585
154 32042.74374585
155 25718.5929106
156 29410.85441879
157 29410.85441879
158 27854.02342172
159 24751.14419372
160 22516.7141533
161 24250.34528769
162 23857.97387654
163 23821.82454998
164 24500.44526539
165 24855.11032484
166 25516.67804903
167 25673.72678996
168 17233.23371437
169 17997.59114147
170 30839.82410144
171 27946.67299931
172 27946.67299931
173 20151.79448967
174 21682.51763978
175 30463.61770337
176 34485.42466767
177 35533.35347865
178 26145.31133988
179 28289.7697231
180 33355.01553122
181 31946.79843222
182 36206.02746723
183 35662.18093213
184 25641.81402868
185 20226.24325121
186 20226.24325121
187 21712.12883003
188 22753.22943488
189 23255.12010934
190 23348.70669921
191 27895.37545263
192 27191.66856232
193 35539.78002559
194 36897.38806741
195 27225.00627458
196 26580.7449435
197 25754.56705026
198 23316.09414438
199 23316.09414438
200 12942.33913912
201 27223.53364977
202 21891.95275449
203 15374.41326455
204 15345.09214412
205 17272.49824614
206 17272.49824614
207 16565.97974153
208 35191.96475792
209 34701.50049399
210 34223.12440588
211 19801.13082716
212 19527.60092287
213 17619.24804345
214 17423.06233788
215 17413.02085828
216 14928.94211092
217 15455.91896029
218 27793.81624251
219 25154.36548733
220 25742.92260406
221 20717.36289422
222 20717.36289422
223 25387.34908168
224 28933.59801695
225 21054.65146419
226 23601.97400893
227 23896.25256729
228 22360.38600872
229 21805.69467566
230 26347.17690788
231 26284.91973436
232 23572.62847413
233 16617.09638532
234 33816.1966102
235 37053.26075219
236 33517.4549557
237 33517.4549557
238 32646.36939479
239 37725.75143528
240 27859.26311203
241 26389.99381706
242 36219.3111417
243 38187.44114316
244 34975.92256544
245 36000.95680293
246 35191.57849904
247 35484.78970334
248 30688.83078943
249 30688.83078943
250 28159.76621346
251 37591.92883064
252 38036.74885279
253 36859.48578457
254 19246.30998921
255 21813.31383396
256 38359.53457939
257 37520.87020326
258 35266.10380176
259 35581.80792036
260 36533.59192906
261 32840.73739164
262 29192.46702364
263 29192.46702364
264 35998.9835552
265 39553.70238152
266 39279.36915887
267 32508.82671293
268 34196.59860397
269 35342.8207059
270 34623.44910741
271 38630.47122307
272 48104.0047362
273 64128.96615087
274 61275.57930794
275 29809.63388391
276 29809.63388391
277 34969.34776119
278 35187.49181082
279 34332.76106733
280 38501.50357683
281 39062.62145684
282 39307.85191275
283 38397.69220187
284 36098.92659563
285 39063.17137333
286 40651.62023681
287 24865.87245484
288 24865.87245484
289 26311.04219877
290 34605.88931243
291 33512.17135448
292 38453.08612107
293 40000.67895691
294 35202.16989513
295 34911.77030512
296 40095.28721883
297 38631.23949325
298 28338.07590751
299 29899.72681478
300 24684.9856293
301 19922.91434415
302 19922.91434415
303 29195.83661897
304 28386.89502246
305 75460.46990447
306 85186.24538512
307 122954.08321289
308 123944.97641975
309 119801.96708166
310 113448.52210962
311 63496.50925797
312 50128.44518434
313 25483.84263348
314 25483.84263348
315 29758.73637666
316 35872.39081587
317 35564.71988095
318 35980.83879554
319 55902.95907952
320 59949.67535802
321 29892.2435476
322 29634.37835149
323 34812.60359942
324 38047.16500793
325 24617.17532359
326 24617.17532359
327 25273.15486739
328 31682.430466
329 31919.19103086
330 32620.08630689
331 50993.03410193
332 125336.93578134
333 131743.04121922
334 157275.71222584
335 136341.56712012
336 140080.6124637
337 65894.78119727
338 61005.78560998
339 16832.6617918
340 16832.6617918
341 20738.79735591
342 27642.148799
343 27913.26874818
344 30068.05706106
345 30515.10373282
346 23452.55506012
347 22453.2270104
348 27879.16276573
349 27375.48214903
350 23829.31137469
351 17712.91541757
352 17712.91541757
353 19517.16847196
354 49907.46253677
355 62897.52220555
356 47033.85254189
357 70367.84117546
358 85827.29344274
359 79158.94767046
360 81139.45901024
361 89742.99873088
362 89176.94773155
363 38665.68510306
364 18069.00380825
365 18069.00380825
366 30169.3452718
367 33534.4459151
368 32797.8029717
369 32816.27929416
370 28960.83094816
371 28854.79292359
372 24651.72607796
373 25219.67216409
374 26142.90332254
375 25536.39795475
376 39492.43183187
377 29809.63388391
378 29809.63388391
379 26279.24102686
380 30970.62029563
381 28758.24646213
382 30624.35503086
383 33189.63902976
384 33508.95808101
385 36106.77647381
386 36083.88190033
387 33261.53602369
388 32275.46272704
389 31199.92457693
390 31199.92457693
391 26799.49481466
392 54810.80464556
393 87802.61826131
394 68492.85299195
395 85447.76056207
396 66967.82316679
397 81065.94731502
398 56949.1249319
399 51226.799747
400 56263.60591398
401 50489.14319609
402 35491.18926665
403 29192.46702364
404 29192.46702364
405 34893.21582173
406 31197.99444194
407 31679.98546271
408 35547.08192504
409 35750.32147213
410 34906.61883211
411 35397.8480141
412 28831.49669092
413 43113.69395453
414 49626.51946168
415 66444.79281288
416 24865.87245484
417 24865.87245484
418 30103.909873
419 65165.90997112
420 75624.71346252
421 83843.1671703
422 72187.41931067
423 68919.01338614
424 80709.3170724
425 92104.23986433
426 91498.13615572
427 57386.20828499
428 88788.32494697
429 44753.9487882
430 44753.9487882
431 29326.2195319
432 62010.06569812
433 72814.29608773
434 60823.42427591
435 65855.00887351
436 63771.34928438
437 67226.42158489
438 86015.23489265
439 154388.07114316
440 140936.02525188
441 55787.42142729
442 25484.24429266
443 25484.24429266
444 31721.05984404
445 38947.06274236
446 51778.06537429
447 104752.86009993
448 150311.05304176
449 131538.85601785
450 103756.893581
451 112191.299737
452 111175.50366074
453 115976.38762942
454 57120.86574309
455 57120.86574309
456 29977.20984594
457 40215.10078616
458 53740.6503081
459 51365.63955329
460 52372.09232375
461 45890.11641284
462 51746.81411887
463 50890.07507946
464 54033.38169229
465 53434.90950817
466 52496.34520435
467 41997.37579455
468 23179.53788098
469 23179.53788098
470 28002.6613621
471 35411.1868495
472 35646.5591313
473 45696.00181786
474 62744.42588147
475 49928.40591302
476 46339.17944507
477 45162.06521161
478 53526.53955686
479 83507.18436677
480 91475.29119382
481 18293.79925736
482 18293.79925736
483 18462.49611463
484 19721.84591369
485 21536.14044768
486 20555.2119198
487 22252.03866658
488 22743.26784858
489 15922.08129726
490 15910.03152174
491 24775.69836765
492 24743.96729212
493 18285.9156913
494 17938.88215635
495 14737.6935083
496 12369.91261879
497 12369.91261879
498 16890.73499169
499 18027.83214151
500 17350.81806283
501 17536.78626501
502 16572.58586979
503 16029.54265307
504 17329.71343158
505 32726.11327152
506 36232.48473846
507 36547.78719788
508 27739.6196471
509 12987.48113824
510 12987.48113824
511 16521.46194431
512 18473.12391922
513 20741.94839216
514 20414.59615722
515 17866.18184405
516 17804.32632972
517 30193.71414842
518 35856.70698321
519 30145.95981827
520 25425.25942906
521 29589.62680028
522 11751.13912179
523 11751.13912179
524 11321.32874676
525 16569.80930369
526 29134.36363934
527 24185.92249283
528 23351.85967322
529 26827.01493293
530 24460.87572835
531 23490.0654807
532 30201.27557653
533 30261.52445413
534 23258.99824079
535 16077.73369059
536 14841.79333332
537 23143.28534762
538 24663.96701813
539 35747.75219979
540 30146.10001102
541 35811.10114174
542 37810.92717054
543 37381.95516206
544 27902.50997029
545 31059.14949712
546 24022.22885127
547 9279.66006645
548 9279.66006645
549 11758.70054991
550 16034.98257614
551 15920.10804953
552 15550.36324659
553 14533.36219278
554 20130.98972515
555 28386.69259248
556 23612.64162818
557 26308.57807099
558 16334.98693838
559 17768.68380692
560 17768.68380692
561 14904.45216602
562 10995.32974668
563 11569.70237976
564 16388.94946179
565 16246.36045148
566 15394.22296859
567 15323.9326114
568 17935.99238113
569 18127.58381189
570 19707.16112513
571 16657.51119856
572 15459.76351196
573 15459.76351196
574 16092.74333771
575 17588.52213881
576 16465.22965855
577 19746.78519159
578 23277.91933518
579 25108.68189572
580 32734.65325895
581 33669.71583924
582 39161.82021535
583 38142.40920643
584 31718.89223088
585 14223.42149551
586 14223.42149551
587 14036.39657309
588 17370.16780004
589 19526.16109047
590 19521.74283945
591 17216.76903995
592 21409.28760223
593 18217.45032453
594 18349.19453687
595 17212.68235173
596 20040.76466607
597 14991.50706438
598 14991.50706438
599 11752.34409934
