0 0.0
1 11904.80110549
2 11842.4882724
3 11272.25106144
4 11286.01917187
5 13551.62640696
6 13551.62640696
7 13551.62640696
8 26985.92482463
9 90421.11682982
10 120252.28501591
11 122662.88446529
12 113748.23671936
13 120327.03325844
14 117479.39464648
15 110299.91511798
16 99644.57069562
17 102943.80332975
18 104241.87916748
19 24206.67310152
20 24206.67310152
21 24935.43319813
22 28663.44412858
23 24106.81624597
24 24036.40219547
25 18967.28873376
26 19567.5783486
27 26015.3952945
28 51692.9212505
29 55423.92324211
30 82247.74273523
31 92610.80277024
32 94320.33427938
33 94320.33427938
34 24082.12222236
35 24082.12222236
36 21301.03834701
37 97470.55237821
38 102329.9086116
39 94850.28427568
40 42520.04969888
41 49881.26828509
42 43559.65722024
43 87154.60871809
44 77954.44545629
45 82251.27603488
46 36576.70904812
47 36576.70904812
48 15831.78850165
49 21946.40303187
50 23953.56316542
51 25478.28305214
52 23416.20641237
53 20532.77071329
54 46029.42586431
55 103867.29091695
56 107973.96563606
57 106218.72824325
58 104756.25011594
59 118401.62767797
60 11842.4882724
61 11842.4882724
62 15323.85333883
63 20857.854055
64 22384.54081464
65 18995.14389726
66 20126.09582562
67 29349.48940269
68 30057.56365349
69 32174.08192132
70 56588.8754634
71 55031.05463633
72 111523.98613025
73 118253.83850949
74 31618.44481303
75 31618.44481303
76 34110.07942667
77 33277.9965352
78 33903.06874882
79 68337.12001129
80 74329.00167137
81 69259.03410015
82 69856.17671832
83 66326.73844912
84 60352.16527073
85 91238.92047221
86 49087.40918615
87 49087.40918615
88 25265.8245164
89 38233.19437474
90 52137.4124129
91 87453.24648507
92 118728.49276821
93 116667.58210898
94 103801.08622282
95 122981.47454605
96 125398.76136335
97 120477.25901734
98 119544.17450462
99 101567.0375296
100 23960.91951846
101 23960.91951846
102 36685.88912962
103 66075.29765814
104 113502.89065411
105 141904.92897734
106 146529.20314514
107 153545.43222138
108 118794.40254794
109 154485.27853397
110 149504.05061156
111 99643.82211791
112 57996.400824
113 57996.400824
114 27489.41510298
115 134921.58743063
116 120786.37700824
117 117724.7426227
118 106635.35717054
119 101568.6925315
120 117375.6775746
121 103239.36853202
122 99211.76210424
123 114348.42271337
124 94679.13714285
125 82221.35744924
126 25100.60719122
127 25100.60719122
128 52385.06832194
129 97944.20647693
130 110942.87622323
131 116084.77105455
132 134508.07631113
133 107342.1556508
134 100151.26825937
135 101248.31554157
136 108209.47217608
137 101892.48595946
138 25153.30524222
139 25153.30524222
140 21029.16610591
141 147558.90186996
142 131448.2457914
143 124202.3674618
144 91924.8027392
145 107160.51931149
146 91139.55263803
147 101818.36730015
148 100108.83579101
149 100203.6390657
150 87245.37711153
151 90032.82941217
152 79087.42612927
153 20680.7414285
154 20680.7414285
155 98843.16553305
156 121139.24356691
157 130639.02354087
158 135892.14773262
159 125139.97287392
160 121514.23933525
161 133283.23427589
162 141995.69455737
163 131303.92223423
164 118578.25444907
165 131529.40737429
166 32240.87567998
167 32240.87567998
168 32102.47518683
169 103282.42599741
170 113326.35652658
171 164260.89100852
172 131645.43166168
173 135847.06559099
174 130080.20126444
175 124133.5576815
176 137498.20758301
177 138613.03115343
178 112325.46979316
179 111951.59279466
180 67901.90027797
181 27878.87857599
182 27878.87857599
183 59469.21790073
184 75448.55422865
185 101863.26415465
186 121068.90288319
187 83338.77305486
188 110133.71319625
189 89591.69243145
190 73807.85620006
191 77184.97700178
192 57976.88237895
193 69075.15951104
194 20483.49668972
195 20483.49668972
196 26313.70139587
197 49269.69190258
198 68157.96591718
199 63363.99136826
