0 10572.14020923
1 24022.81494863
2 23960.51563235
3 23957.74049587
4 20877.90259087
5 20891.77827328
6 22725.56746503
7 22725.56746503
8 22109.67917364
9 22168.74993589
10 22168.74993589
11 21721.33964054
12 27842.49782197
13 32526.40191265
14 33919.12397816
15 31397.31781287
16 32271.48580445
17 29671.14562201
18 31356.04991418
19 28558.91678173
20 30157.39539491
21 32716.30053758
22 28903.26301239
23 22110.47206978
24 22110.47206978
25 28242.73079714
26 19214.1274547
27 18569.50289492
28 28672.28849621
29 31557.24109247
30 27524.76334464
31 28055.21086062
32 28729.96547362
33 31009.54186891
34 34518.16944321
35 30385.99122268
36 25805.40537003
37 25805.40537003
38 28480.63693793
39 30580.80193233
40 30052.73310476
41 32680.81221884
42 33815.44659159
43 36802.51564851
44 36295.45856858
45 31519.99984037
46 29917.16029843
47 35332.51107596
48 35332.51107596
49 27036.78550474
50 32498.75747191
51 36972.35207872
52 39147.66263193
53 38037.58317308
54 35229.54150215
55 36981.86683237
56 37705.38455783
57 36464.09322141
58 36453.78557162
59 34934.81344599
60 34934.81344599
61 33860.43917969
62 32863.65011931
63 21012.24949514
64 19923.99954644
65 36231.66847075
66 36279.24223899
67 19490.66937412
68 20842.55728854
69 39793.57479416
70 38279.14317155
71 35537.27102857
72 36023.31636085
73 26818.91938288
74 24240.81759183
75 24240.81759183
76 23170.15363287
77 26689.02669105
78 18760.98805382
79 16961.90671785
80 29189.89570778
81 29189.89570778
82 29033.29872063
83 34915.65288995
84 34033.555937
85 21641.44987978
86 23123.76920882
87 33692.76530578
88 27319.86260069
89 27319.86260069
90 26262.90718305
91 30075.94470825
92 22561.89069475
93 22561.89069475
94 22599.55326128
95 26539.88791608
96 29803.6652918
97 28860.11888819
98 24701.3413475
99 27646.01532742
100 23274.02159781
101 19644.93597652
102 17459.68935523
103 17616.68279045
104 24354.39231787
105 24761.1480364
106 28792.26929895
107 29726.75904306
108 27888.05776658
109 29321.61398316
110 27823.80831308
111 29011.96317511
112 22512.12248894
113 24390.09699059
114 20736.43158903
115 21595.93100207
116 33397.90545919
117 33019.29755353
118 29335.86124728
119 29479.77189623
120 16185.78378217
121 16185.78378217
122 17537.27524852
123 25515.82993157
124 24580.21248933
125 22399.73641974
126 22564.6836827
127 18120.66797314
128 22070.87653012
129 20316.40181848
130 21943.42469261
131 22068.02332516
132 22486.07159706
133 23024.68981458
134 23024.68981458
135 21565.7609216
136 14658.33432122
137 14860.52283628
138 25056.69060753
139 25368.1871889
140 25240.53091076
141 25827.67050057
142 27053.09148107
143 26474.07286007
144 24960.03768553
145 16476.16642274
146 17483.14451735
147 24830.60360768
148 25142.10018905
149 22760.24019203
150 22760.24019203
151 14051.35356727
152 15402.05213748
153 19023.42567121
154 31527.34251699
155 31941.63074883
156 33546.47739747
157 33733.37534629
158 33438.81443122
159 32068.24372484
160 29398.16598184
161 34065.21481301
162 31568.78132412
163 31568.78132412
164 31824.4654621
165 33206.87987782
166 22970.49127736
167 26220.5974113
168 26400.58483451
169 37109.33509229
170 37046.29984936
171 32774.7390497
172 32358.07212945
173 33703.02841926
174 33703.02841926
175 28489.33986719
176 28489.33986719
177 25469.95407608
178 24660.06296452
179 28716.12315586
180 29357.1921162
181 28162.69408507
182 27858.20953509
183 27658.39970844
184 33636.88631785
185 33160.75218728
186 32849.25560591
187 27319.93222522
188 25331.34871239
189 30088.76283688
190 27616.11623211
191 26136.96848762
192 21209.86215653
193 26225.32667423
194 32327.90152915
195 32264.07339008
196 32887.06655282
197 33632.79780332
198 35280.43597702
199 33228.61278064
200 15975.16675527
201 18723.74121589
202 16684.3874839
203 17240.20767628
204 16801.92811969
205 16115.28006462
206 15253.19752255
207 16535.70702494
208 16909.50292258
209 17433.41526202
210 16564.40109533
211 19401.82965606
212 19277.23102352
213 21368.68659359
214 20763.31039262
215 19778.7253973
216 20244.94832614
217 20130.96328979
218 19773.36713178
219 19524.16986668
220 19320.39555935
221 19674.02723667
222 21385.96173847
223 22259.93772261
224 22306.71859472
225 22206.41723333
226 21867.05768649
227 22116.25495158
228 27920.2671112
229 27599.54062358
230 29775.64407293
231 20854.76963001
232 20854.76963001
233 17299.59049059
234 19623.56906957
235 19697.51285098
236 19697.51285098
237 20839.28328897
238 20470.77859248
239 19592.24967214
240 18472.85990027
241 17609.79245461
242 18664.74076554
243 18477.84281672
244 18969.04197389
245 23087.58625219
246 21906.96390347
247 18932.81049174
248 18932.81049174
249 21292.86584498
250 20389.33582995
251 20975.28607555
252 24064.44672676
253 24064.44672676
254 24300.72977573
255 23106.82020011
256 23634.09613155
257 20738.22256362
258 20544.75590608
259 20038.47928911
260 16102.92687749
261 15238.27363955
262 18511.74534319
263 19014.04504629
264 21799.11759559
265 24291.09024655
266 22283.87367449
267 19080.16439777
268 19434.9854193
269 22277.92695346
270 23870.06239754
271 24834.23653391
272 23122.37377307
273 25411.66936263
274 22040.27498602
275 22040.27498602
276 26639.31432363
277 29259.0431619
278 27998.12142948
279 28609.04790342
280 27219.48498929
281 24993.03263521
282 23989.39326623
283 23304.33100344
284 22956.44160652
285 23430.98994481
286 21754.81994334
287 20809.29129938
288 20193.40300799
289 22405.97967966
290 21845.2858332
291 21735.45728497
292 21802.45700859
293 22230.62092284
294 21997.50945841
295 20099.70012015
296 20657.89900094
297 19063.18042782
298 20661.659041
299 21686.26042491
300 20779.58369168
301 19533.5973662
302 18385.92993991
303 18385.92993991
304 20219.89870593
305 22460.03473496
306 23044.79563636
307 24121.95747232
308 23115.37582578
309 24839.73291738
310 25040.73208823
311 25040.73208823
312 25708.55507663
313 25617.37202081
314 25750.60343827
315 23929.71745853
316 23929.71745853
317 26734.98399297
318 28615.33718303
319 29962.48015381
320 30208.27795643
321 32201.8560772
322 32447.666313
323 32961.4630101
324 33117.66354918
325 33022.91246075
326 33891.73462
327 36672.81782225
328 28478.03180065
329 28478.03180065
330 28955.35527542
331 32879.39825986
332 34356.97264526
333 34483.04313112
334 32860.76520063
335 32995.95399208
336 34234.86664009
337 34251.51745897
338 32086.29768175
339 32288.08974874
340 33204.8821243
341 30999.04506981
342 30234.513619
343 30234.513619
344 32678.61596282
345 34224.5589903
346 33940.70217308
347 31562.18090169
348 30685.63422169
349 32598.12457168
350 32621.11855967
351 33500.83682421
352 34009.87614448
353 31019.25148813
354 29241.00232554
355 29241.00232554
356 29577.58673591
357 33860.0187745
358 33610.25649119
359 33379.31927455
360 33224.70452774
361 34362.12647015
362 34618.62837063
363 32481.36439884
364 32120.99310435
365 33186.64551314
366 33267.52091917
367 32944.42817632
368 29618.22887955
369 29618.22887955
370 36524.00752175
371 39569.12513778
372 37019.13386007
373 37467.91307389
374 35874.76785986
375 34716.34660299
376 37865.15403877
377 38994.23813856
378 39940.57211183
379 37965.07138527
380 33797.39241282
381 31990.71224087
382 29694.4850267
383 29694.4850267
384 29044.51463458
385 29701.42908449
386 32258.53156108
387 32746.16268564
388 32982.8297495
389 32818.30380097
390 33290.66545829
391 29680.21289622
392 29804.81152877
393 33083.84593854
394 34179.23195249
395 32992.25400148
396 32992.25400148
397 31033.40409381
398 35326.41038872
399 35326.41038872
400 35967.46691588
401 36742.69003136
402 36576.97473862
403 36140.8795247
404 35176.10449964
405 36442.75607928
406 37344.07454699
407 35081.54541865
408 34679.73908439
409 34044.23283019
410 31216.72790436
411 26730.33821681
412 23617.82442909
413 23617.82442909
414 23145.42547222
415 25780.21933711
416 26601.45529492
417 22074.41479792
418 20706.65652757
419 20644.35721129
420 22245.61096095
421 25313.14654264
422 26988.53608116
423 28815.3936483
424 29793.82748197
425 25981.60771927
426 25857.00908672
427 25857.00908672
428 22860.23326872
429 25819.32165383
430 28609.3435874
431 29468.44655237
432 29864.49817305
433 29629.40446828
434 27498.27922497
435 27685.17717379
436 27301.41544325
437 27180.69078972
438 31969.3870121
439 28749.80737945
440 29344.0830345
441 19922.0982327
442 19922.0982327
443 21328.29953254
444 23482.79034555
445 25034.59335976
446 25023.09636576
447 22827.54209469
448 21426.89106781
449 15698.14187535
450 19650.3824054
451 21035.17550953
452 20144.10772213
453 17092.646937
454 17092.646937
455 19241.58747704
456 19782.73909088
457 17815.96022184
458 20282.66010557
459 16956.62794988
460 20743.53720208
461 20301.30559798
462 21122.34954835
463 21441.49024369
464 22057.37853508
465 18323.63062364
466 18323.63062364
467 20705.70749446
468 24177.40323247
469 24052.80459992
470 22834.50725148
471 23079.51215797
472 23272.78680807
473 23582.41274976
474 24962.06446218
475 25198.34751115
476 24401.49932615
477 24495.85396651
478 24558.15328279
479 23618.35448606
480 22495.61355537
481 17645.83946404
482 17645.83946404
483 18293.2391603
484 14670.85585663
485 16977.78716866
486 34911.17772427
487 38321.42401162
488 38508.32196044
489 33963.99245631
490 33444.64548626
491 36909.62647345
492 31177.38384746
493 38676.44080795
494 37772.53921121
495 17216.45267341
496 17216.45267341
497 20871.70386724
498 23640.08829811
499 23658.32490927
500 41042.77165466
501 41354.26823603
502 43177.53290419
503 20688.98441479
504 19835.43172278
505 37772.31020219
506 37072.18291279
507 47497.16889534
508 30764.47726524
509 30764.47726524
510 30382.69777504
511 96773.91090704
512 173005.32425384
513 177425.9122278
514 182510.35870946
515 189292.19138086
516 190102.08249242
517 187018.90586179
518 200855.33990908
519 193768.03778411
520 179079.82884454
521 170532.01203432
522 182497.41563775
523 32503.27106823
524 32503.27106823
525 39468.09560632
526 47863.67635814
527 52961.6269405
528 164007.92034032
529 192861.76993214
530 245004.20572583
531 195637.68687632
532 195388.48961122
533 210740.54462532
534 225025.37387154
535 199749.03435253
536 196906.66884071
537 115959.10926812
538 26711.8720768
539 26711.8720768
540 30974.87816002
541 22933.64738257
542 25637.02676334
543 37063.55246617
544 37247.90081814
545 34498.73179635
546 36658.60574124
547 37187.07101688
548 36656.41906027
549 36527.969886
550 28551.63918346
551 28551.63918346
552 31607.06444929
553 35882.15598201
554 36338.46770914
555 31553.09777921
556 32478.80401973
557 37858.46203789
558 37796.2196911
559 39794.93127945
560 39487.68402617
561 23053.76504174
562 14490.47432365
563 14490.47432365
564 14832.21255891
565 35026.77575756
566 34834.49844422
567 26828.3222379
568 26213.82773135
569 25341.63730351
570 34068.14721756
571 34997.81793877
572 35801.82705536
573 31541.19966055
574 20702.01798816
575 26042.9663703
576 25041.43847193
577 25041.43847193
578 17452.23309194
579 17452.23309194
580 20284.24122125
581 18238.96563459
582 21481.73126267
583 20836.71025482
584 20615.09578439
585 21838.93097261
586 23240.78377687
587 25404.20088801
588 30045.80244371
589 27741.64626816
590 29646.79611228
591 19299.10506996
592 19299.10506996
593 22967.27190898
594 26871.49248998
595 26382.25070679
596 37659.61247033
597 42003.89040764
598 42172.77728492
599 38115.73219001
